591
267
849
600
408
949
490
205
652
215
48
401
517
169
931
851
217
475
900
395
579
219
298
589
848
625
798
796
669
999
801
944
463
185
563
531
366
879
877
427
874
876
105
523
307
384
18
348
244
360
285
28
522
690
146
856
862
508
871
761
544
706
814
634
110
487
915
654
13
768
663
333
772
341
981
140
994
270
488
82
828
997
695
101
855
356
352
946
605
566
34
444
838
343
961
644
112
936
620
648
80
214
440
74
882
822
842
264
9
725
315
252
576
535
359
192
803
435
424
987
154
540
103
106
365
379
773
757
775
170
0
782
941
554
210
470
865
825
645
484
361
201
557
698
750
779
575
647
240
626
617
515
92
749
574
114
800
911
901
953
349
284
564
173
510
111
176
158
664
977
291
466
301
54
586
640
57
375
627
816
116
40
642
896
164
289
407
929
610
511
104
479
870
943
159
722
739
607
831
27
225
125
830
413
959
787
495
323
476
756
66
447
791
667
376
311
71
809
300
400
248
260
464
211
881
939
904
545
790
331
24
279
412
843
735
653
597
174
708
380
458
584
990
465
388
770
677
539
51
337
399
714
681
689
655
581
3
923
204
615
818
754
389
457
90
287
907
452
786
398
854
646
425
336
608
208
668
306
155
520
684
362
895
733
839
420
612
363
439
716
165
793
978
925
25
383
378
426
150
22
286
633
245
340
676
58
567
602
145
692
402
272
672
53
153
271
418
310
878
428
641
538
868
572
611
406
14
834
537
827
979
483
797
198
322
259
391
553
1
246
83
585
616
562
558
549
744
437
355
102
493
595
583
8
743
835
86
456
526
746
394
892
305
972
638
686
443
769
932
94
966
56
4
26
93
965
937
432
96
292
138
639
947
234
253
446
573
43
462
346
712
728
815
516
810
76
430
373
338
861
710
546
410
45
149
141
119
571
75
986
527
543
580
905
329
521
130
747
68
202
99
709
156
78
128
524
320
766
491
817
313
91
88
206
262
251
42
218
387
590
404
189
512
197
656
46
909
724
666
17
131
44
715
755
249
277
534
139
872
804
129
778
844
448
682
926
561
191
152
903
6
20
283
434
938
701
471
290
628
631
863
866
568
823
136
460
975
582
869
805
541
357
281
180
209
683
469
569
601
788
405
547
55
837
598
560
530
403
688
906
632
84
910
32
177
335
890
665
789
79
229
396
552
16
536
762
124
957
678
496
649
370
241
630
935
293
327
533
222
795
730
927
850
221
528
122
985
183
295
853
137
263
178
921
369
570
367
889
213
930
61
118
980
806
316
913
372
299
525
650
50
184
445
108
514
190
11
623
309
235
414
98
783
880
532
751
784
802
679
431
49
350
220
297
699
505
613
87
89
858
577
924
967
314
223
916
47
477
983
163
65
433
31
685
700
459
318
902
120
499
643
60
860
785
846
995
489
69
203
212
256
497
740
312
719
371
711
729
454
63
629
951
887
619
658
555
721
578
242
227
392
467
599
888
438
97
117
12
950
415
386
954
962
859
840
884
794
732
368
157
390
875
940
151
624
231
449
702
758
492
742
958
807
662
622
993
143
738
674
254
294
891
473
73
21
518
411
898
59
325
339
969
324
973
15
767
971
416
273
952
777
436
238
72
705
35
275
364
720
596
661
199
230
377
29
70
200
269
504
332
920
748
474
763
548
963
19
542
417
945
237
717
382
933
326
134
529
472
984
135
187
852
908
964
606
991
847
498
274
162
771
441
551
328
478
321
811
673
450
266
501
955
186
723
52
36
216
899
989
948
873
385
885
319
836
468
278
308
697
172
132
737
2
765
760
636
621
970
232
33
351
282
832
422
726
694
113
453
883
181
942
670
147
179
115
731
182
7
247
334
37
455
614
824
513
813
734
243
886
188
675
381
148
85
914
393
826
330
956
10
604
194
423
864
167
897
207
265
820
988
819
657
565
704
696
288
276
296
507
693
759
609
996
142
776
519
812
671
833
228
752
374
703
107
175
592
161
255
193
960
302
303
481
451
5
659
224
651
421
160
982
38
109
919
342
894
62
81
799
127
637
353
618
133
781
280
268
500
841
603
257
486
502
968
792
23
687
64
808
660
867
503
67
992
166
195
745
976
764
196
239
506
304
236
928
480
718
998
588
358
727
594
126
347
922
918
774
345
974
258
680
39
354
494
829
587
635
780
593
917
121
429
144
713
821
261
741
409
482
95
857
344
30
559
397
250
419
485
912
691
707
893
442
123
168
233
845
461
509
556
100
753
550
226
317
934
736
171
77
41
