134
2979
2938
878
1745
2154
1811
1829
1697
436
2041
1015
1882
2311
2421
1489
1330
1354
763
1104
2275
2308
1835
1506
1682
514
2256
944
469
236
591
2881
454
492
361
2013
1237
855
1703
1530
1389
2352
1437
1705
1870
2672
1779
1082
1254
2673
410
1993
1161
2787
1335
2010
2331
1699
1063
2071
858
135
532
2166
807
1596
751
2531
2971
2069
1591
100
1672
1482
136
2133
332
340
2643
87
1827
401
1405
1616
2473
823
263
2921
1517
1722
2315
702
1545
480
2746
2470
2613
1873
1386
102
512
1462
1264
2104
1884
1142
2577
1152
2517
1391
1821
2409
1951
44
644
2616
1668
1707
1512
88
1362
504
1868
126
2178
937
2650
158
1656
2033
300
2297
1841
561
1535
1793
435
1828
2370
700
1767
604
1728
2103
560
1215
2237
1730
743
2502
2188
1949
1086
2697
2343
154
91
197
2236
457
2068
1108
1146
2040
2931
2014
1676
143
2501
2221
2009
312
255
661
980
2254
2606
501
2293
1990
2840
21
895
295
2823
390
142
2408
1892
1382
2209
2406
985
461
2475
806
419
1683
2414
2092
1568
2197
922
1404
333
1853
2205
281
706
2378
2652
678
861
608
1116
708
1690
741
1994
203
1931
662
1452
2803
1366
1893
2774
551
863
2769
2951
1919
2389
1797
2590
284
1856
2784
2995
42
497
2585
217
2313
2565
755
2266
494
1072
961
153
2852
434
114
545
1291
2042
423
1327
2053
1620
2061
2598
1693
1502
468
2736
1520
2425
677
2240
552
1465
883
2112
1901
1062
1583
2797
2706
317
627
976
2169
77
2374
992
924
66
860
2591
2719
204
2899
2039
1962
336
1758
2904
1575
2301
1943
63
1974
1622
68
613
523
2628
1169
600
2602
456
1540
1355
1523
2730
1302
2977
1920
1878
1313
315
16
2583
2932
1346
730
2933
2405
2653
1723
214
2437
1361
407
865
201
1069
2081
739
1925
2644
1569
2525
1574
1976
2892
1653
2810
2493
2375
675
1145
1046
914
2164
2817
187
562
785
2054
519
1459
760
1586
958
1453
86
2182
2548
398
2417
1450
1356
2968
2474
1968
1132
718
2734
592
564
1823
1439
2102
1396
1007
2252
1077
70
1398
2258
2727
1963
1953
2705
1749
2089
1009
578
1337
689
2532
1114
703
2540
2348
48
1320
1059
59
2079
2773
2055
589
2750
1288
1041
2456
1189
832
2513
2980
348
1629
1373
246
1435
51
2798
33
530
1279
2430
78
979
1165
112
335
186
1675
2863
1609
213
929
971
257
683
418
172
2094
1521
2487
764
813
939
2481
590
2710
2468
653
2818
1838
2362
1889
2287
183
2030
1443
1029
537
1698
2757
2792
60
1157
2596
432
1810
2001
1662
80
1527
2242
1952
2044
987
517
1710
775
617
1282
1130
2944
871
828
2418
643
842
926
1369
2546
2732
189
2433
522
2656
2462
568
621
1347
1422
288
1659
2307
2175
1789
184
258
1604
49
180
1735
1543
125
2380
1420
2742
349
1103
20
1164
2367
2788
2479
2067
1323
166
1
812
2631
242
1859
1390
2204
2211
439
225
2155
1801
851
891
747
2037
2347
67
441
2084
2206
2555
1816
1863
2228
2137
2953
2629
1736
1909
984
1339
2922
1290
121
2639
2913
573
2762
2902
175
744
31
1401
2709
1908
1407
2353
566
2388
113
262
2123
338
2560
606
2428
1448
1778
1120
304
2839
344
896
2326
2207
746
1348
128
1400
2088
867
904
1153
686
959
1093
2824
1265
2702
1929
2435
1898
1473
657
2544
1144
527
221
1606
2065
1332
2831
2366
1216
565
2561
116
720
244
2056
1230
2843
921
2645
2593
1734
2967
1961
2854
1115
1818
224
1199
368
1417
420
793
2991
2508
2752
1294
533
1065
524
557
2220
1022
167
64
362
1555
2713
2684
538
1896
1416
414
294
1204
2177
1832
1493
1480
2851
1406
2654
209
2834
92
2738
1109
0
1231
1985
249
943
449
270
916
767
123
54
1402
35
2679
208
2761
278
918
1499
2246
276
1232
137
2668
1762
1319
1446
1983
1001
516
1677
1897
424
2859
1803
886
1702
2495
1973
173
2893
2550
737
699
2334
1111
2
2712
2316
2856
2812
680
2999
198
2124
2113
440
2143
2515
2002
210
954
447
2458
2595
619
1351
1076
2535
1037
41
2527
342
1314
2303
912
2488
188
354
1049
1247
664
1958
1612
749
1761
99
1618
2469
1377
1851
2402
888
1977
846
840
138
1248
329
1312
1258
400
1573
2603
2181
2360
2621
1318
29
1228
847
1098
159
1840
450
576
1060
2136
820
2506
1154
1582
237
800
1091
129
1800
1207
1242
1191
1182
923
1430
2848
2080
2969
1274
770
475
1180
818
547
2553
1790
1907
2011
752
2045
1563
2522
2403
2107
988
2448
663
2459
2314
1787
2059
2911
24
1447
810
2332
1226
2777
2624
2196
2416
83
2836
2890
1460
1064
1660
546
2759
1210
2193
957
2924
1285
2808
3
1042
104
788
2811
2338
844
458
1078
783
1028
2478
1162
1367
1755
1383
596
1956
2325
575
1341
623
2472
2877
966
391
131
161
2441
1820
240
802
1073
1004
629
1202
1260
2210
665
1971
1442
366
2327
893
226
2704
610
2176
120
1871
1866
574
2097
239
1415
1038
1376
2724
831
2310
734
2708
681
1253
1719
2996
897
1421
1966
1549
2564
107
1764
2918
2007
2268
1411
2386
1739
1937
2885
2432
81
2815
1371
1306
1074
1481
719
2853
2263
2718
884
1158
1643
1505
2807
2021
2214
1075
2588
211
2035
877
1235
1051
1992
444
2997
1619
925
934
330
1947
1176
1252
71
853
1715
2274
1472
983
1763
1088
837
822
207
1679
1718
797
2022
1198
2520
2664
2379
1414
1769
2485
2161
1275
618
1261
1478
2286
2494
1256
1047
1713
2635
827
2230
1236
2222
2201
1033
1824
406
291
550
2483
2873
2116
2185
955
2693
809
1468
1233
1445
2358
490
1455
2678
2562
2694
1926
160
22
2413
535
394
1805
1193
2095
2224
1117
479
1470
1585
704
2594
422
780
1904
2610
772
6
11
2665
696
2901
1225
2168
1669
567
555
2199
2489
2600
1822
267
1052
2239
157
1996
2536
53
2666
1571
1089
2614
2559
717
794
1959
382
498
1166
152
216
1039
2568
697
1711
1905
1995
50
2870
928
1724
2321
1296
179
1205
323
774
506
2837
1848
2897
738
803
1516
2846
671
15
1858
1751
1914
1753
821
2024
1379
311
1771
1016
1727
1222
2341
360
474
103
1184
580
1809
1930
1607
1785
334
2785
1311
595
1794
1418
1756
2838
2641
869
1774
2597
52
1123
2442
577
2299
2615
169
2231
206
2276
190
1597
2989
711
265
805
1495
2994
1257
510
2619
2050
2545
1732
1599
2174
544
1477
539
787
1494
1652
1147
1194
2998
1845
2159
639
2060
2142
1593
1328
459
2959
271
264
1982
2511
963
779
1425
2415
1531
669
2135
1592
241
2676
1807
2296
2581
2915
2170
260
223
2129
1217
1795
2491
272
594
1642
345
2770
1031
710
666
1674
2213
1602
2764
1293
2751
1203
2238
2835
1935
799
2400
2086
2043
2390
357
927
1608
1036
442
534
1392
45
73
467
2976
970
146
1964
2439
2151
433
936
602
1578
2496
1554
1681
727
2026
2537
2064
1350
2886
2074
816
2867
1239
387
748
1529
233
2879
978
10
1188
2627
1364
1624
1491
1834
996
404
2278
1862
2363
1923
2122
2765
1544
572
2351
2130
672
1802
1197
1867
2492
1634
1941
624
1657
776
1449
2660
2578
638
356
425
2675
1338
685
1955
2372
2978
1630
1525
850
277
571
2725
852
1938
2749
1221
1299
2939
1172
993
1503
2524
2632
1192
942
526
2476
1196
2686
2771
2356
2047
1426
149
599
962
118
2098
2986
1171
1577
1514
377
645
324
2841
2551
1412
917
585
808
1879
2820
1639
1847
2956
2216
647
375
781
2195
2711
452
507
1743
2411
2579
1678
632
229
2984
1474
778
2909
981
790
1928
181
147
1772
2336
1413
2599
2486
1808
1572
1431
1872
327
558
2447
2223
1712
1924
1000
1883
1714
165
2346
310
2683
2227
1234
1428
688
2993
2936
553
1156
603
2857
417
499
1433
2814
117
2832
940
2539
287
941
1507
2184
1737
2298
245
2698
1303
598
1857
1334
2657
991
998
403
2760
771
299
2455
2190
761
841
2005
13
1890
999
1799
1917
862
1307
428
1484
2796
1537
220
2219
98
1894
1911
2584
804
2587
279
111
668
1539
2819
2499
1300
163
