1592
112798
147390
154774
18989
417743
107857
417531
220193
398809
492579
100308
380392
17273
51330
330327
164814
67099
309775
6538
440407
6318
409528
393859
335744
4434
261599
238691
232234
478231
174317
3872
273830
254083
180616
83407
392023
144681
384432
207554
37995
273770
182021
414909
30257
51895
54384
139312
63065
152117
316849
379118
132310
224099
331793
18150
144789
133867
29240
80155
304872
269619
208731
4865
431018
227764
285719
448640
40814
65526
15740
235685
72724
230641
14322
382736
481164
462981
397577
170804
313821
303596
335361
168337
287964
260318
324840
282312
8487
159195
495482
23705
408188
471397
498794
484502
458108
365043
320629
25561
210320
498700
91165
435510
431403
362112
11551
290734
59048
378196
457620
425751
342329
181312
316712
326798
382478
103172
396386
205416
262745
359904
282507
447868
329526
36563
431905
267328
63018
167381
386249
331483
155894
207784
491235
11117
392940
12050
126961
400136
419387
281754
165285
245212
353236
382437
433564
455113
440758
166140
303585
455894
278705
299239
44300
30341
148560
117274
177711
4526
488672
140460
240648
81194
467018
60819
28390
151577
239475
485360
269280
187799
147938
339133
490090
461556
182575
127848
278991
228501
377213
97829
42464
335718
499713
469918
471891
373892
119537
260711
52074
39266
162560
459941
395904
315081
262924
323436
10768
418660
437614
93514
331076
292254
38093
437751
199111
30220
85665
252394
141875
378382
336953
421147
311771
189248
299768
467418
384076
88816
394416
139199
239265
469417
399502
6894
96697
250321
16903
71082
279867
474031
273358
443019
349265
350964
42109
430333
409637
292004
50183
160126
50087
357966
95421
199273
339547
131646
438306
372979
448048
496008
191565
143304
201466
488250
425400
386884
353920
374362
461208
21651
53803
323641
430664
30667
450585
4777
380498
483317
431139
350420
68094
231658
254397
20521
183361
495326
411869
35761
223169
469531
329913
11399
272426
77489
192324
90159
472746
334024
47290
219973
184913
308231
110465
274098
485960
413732
408836
269511
283341
450573
339000
451784
458836
40538
367630
278435
195937
122162
452356
480765
129597
363852
392577
39597
249589
464666
44862
316161
457509
303033
440648
159944
49365
180951
154648
438002
24127
319338
433832
245894
349347
204183
411666
343665
367564
181494
316812
260628
405509
498215
319545
159841
266910
312886
256177
23624
275386
80883
5795
1990
245607
24280
440062
406725
453910
22516
62700
289508
135042
233953
299788
327468
477395
481313
388345
198397
409098
67883
480498
325086
324089
321422
274539
114546
364076
142067
117280
221749
63401
33244
377318
278194
158177
26305
84145
64028
230654
416731
208382
120258
350335
372896
98683
145847
385158
262435
308237
89356
148769
67851
493092
350282
6754
147906
263526
98092
313668
328657
64840
223692
406073
159141
226865
24551
285673
158488
256846
39071
269304
322099
416750
374637
116449
74190
1156
76758
255733
47080
55375
386400
78650
90351
175088
290270
109231
479442
264139
426575
10672
419135
475691
432855
255343
421505
237550
499657
144509
185138
229817
327233
77193
207098
471069
8828
476455
210030
118114
119109
386830
53245
358579
91169
460770
428835
471488
197225
63535
147401
54221
197075
25171
31431
366313
281189
334789
242436
336185
169253
227001
73440
42476
439022
116429
156744
274702
50776
224107
29973
150383
76714
114422
129146
73140
165023
189497
450322
398008
424955
400181
82073
429533
483178
41460
392953
403666
58464
153752
175893
41127
191051
7928
63537
181149
134961
74159
324303
257268
437554
235876
296276
52412
409365
443641
93529
58315
5348
51262
131384
292541
323637
361354
163824
155240
281391
210348
436932
101712
43039
139445
476765
181217
122298
426108
239046
272880
449780
415580
418984
136633
390756
14546
369882
375038
315076
291112
299479
255595
94564
128700
119964
442581
226382
451668
228458
325389
453277
87652
384859
13805
482197
268965
198810
26114
496993
352328
9838
62698
136060
244376
427768
353179
330186
165364
310389
189208
30264
421189
8147
294914
395454
248577
56389
36038
387898
122222
439065
439209
364956
207883
232508
43470
305085
329831
386559
376293
320420
79703
256438
215660
257062
192955
255381
369175
23586
277902
128332
311749
63724
271241
75733
106368
340672
389027
15026
157255
401675
443215
61305
15324
58963
377879
47961
133612
256563
230388
124097
175397
457709
58646
107610
103632
427326
63628
175303
237697
324232
250102
320107
122760
204036
420441
443210
396108
288486
238829
95485
111533
198289
386894
320082
163250
259781
66302
401540
118002
466717
326685
373792
394558
259858
321514
192305
449607
83909
373581
171723
177986
437320
182
31096
433669
489155
7078
206687
205305
289654
99093
404819
402993
2515
454147
232393
195647
368832
272465
80181
314671
414131
449756
399910
10491
308460
263233
363088
183900
101549
437909
329056
351573
388866
319386
108032
381713
370737
37285
492944
65667
15822
326667
193910
27875
218067
409126
62638
136118
149066
115711
234720
414450
72215
284212
401371
246311
130685
384638
45240
411645
491815
270877
190082
223478
430991
433964
352138
226881
135341
330366
481494
398963
323165
326430
161008
45320
27915
425549
91298
181680
67884
154680
313475
79006
48772
77450
418036
430603
440007
215485
82122
327618
390315
402339
166833
21269
372002
146263
63313
439559
30449
376763
85959
474488
248642
97487
89947
111957
450
86797
194639
124117
350385
56774
310164
391113
8940
470417
319435
250276
139984
146441
263151
355622
452626
458918
179139
383552
496926
215117
151761
272592
377564
457256
338173
446161
357676
365996
456513
362242
478275
453139
326523
100808
342934
30769
33000
49228
313891
110675
347709
15023
252326
325554
467283
275503
162759
497487
321697
462288
24288
244396
258664
302183
413691
387414
329105
432332
325081
346818
270312
269052
250749
12312
323050
334144
458383
298903
29573
66704
412784
486012
7932
40362
480391
207346
7704
247681
480060
223099
496527
349160
192984
322714
154763
138773
53617
213004
316858
399384
407446
398231
302676
65688
178
392459
394484
409768
251453
364968
485813
498347
112929
98421
304770
151210
187751
82325
494096
233130
157788
420228
277522
234585
264058
377418
251060
198917
311536
349817
256776
100589
29978
220672
127481
255934
354214
114854
267548
402934
55827
402895
478301
264077
576
165350
410550
465689
13143
299392
212841
228897
496915
469659
200915
328741
330855
157534
132342
381576
160103
420032
148608
353542
453862
68956
117965
333223
173709
492059
259991
136304
269891
216641
215986
162744
186104
268075
454500
237336
393855
401129
323339
372364
254971
73219
366424
342496
333093
154982
124033
288217
258608
370311
42114
48986
469439
468392
123185
90373
167963
66785
305188
491660
345587
43903
393375
452664
52106
400680
299107
257392
73437
406516
337900
204407
132470
152111
155703
495944
104679
