474
2263
909
1607
2470
1417
2900
1506
2991
32
1157
1416
2984
12
1831
1494
2637
2109
74
181
840
1743
1932
516
1414
1509
2235
953
1404
951
695
440
2397
2557
2589
1378
112
1597
2863
1106
2742
2400
2114
185
1512
1341
634
436
2020
1591
1198
1587
2364
818
201
1135
1877
1978
1969
1680
158
302
1500
2552
430
1048
2912
194
1111
545
1370
1250
2784
294
135
746
133
1311
820
487
2691
1801
970
1192
1996
1554
1288
1748
2432
1777
947
34
2957
2361
1149
1856
2245
1479
1905
1254
217
1980
1052
535
243
2068
2318
291
2168
1514
463
171
891
2353
1460
87
2586
1016
2526
590
496
469
2156
1691
1935
6
1360
2087
1882
1325
1368
2898
403
2889
422
2439
2368
606
308
2017
2985
378
1440
1632
1549
995
1249
2148
43
721
1762
859
2916
2101
1320
2831
2703
1511
791
2611
2645
289
209
2370
1686
2672
1988
505
1436
274
2771
2779
739
2185
2841
1896
2196
1388
2130
2680
1118
1076
2726
1503
2509
2810
1452
2871
2966
1580
749
2220
934
1964
837
153
2131
2665
1900
1281
1039
729
1544
2378
1270
1444
1844
548
2047
1983
2297
809
723
650
2630
2948
515
434
1975
1614
2410
1869
1227
2644
2549
2999
1094
958
773
1620
2160
2072
346
1034
787
415
1641
817
2212
2290
339
1556
2336
2775
57
1043
2105
367
238
357
1232
1105
2242
720
1756
1473
2067
300
887
2511
2008
593
2325
1226
443
2253
1736
1908
2975
1393
1797
2306
2173
1884
2822
1202
17
932
1758
1918
2288
2052
1835
2438
939
1191
2197
860
2229
2091
1238
2445
2172
1177
866
321
2997
1719
824
1543
1519
2241
1499
2741
924
1309
1439
450
1651
730
1100
2492
571
2094
13
244
1024
206
1890
675
1427
1464
2381
322
2608
413
1564
2940
1396
1608
2018
2981
2337
1782
324
2084
230
960
5
465
380
2929
2756
822
2817
1057
992
1559
2005
2652
1448
2694
2651
1175
2461
501
997
475
2289
1887
235
2946
139
270
2893
1961
1578
843
369
1656
2467
1384
2631
275
1750
222
141
2673
1707
2149
1635
1941
974
2825
2713
2659
1759
2096
337
2484
1754
805
511
705
564
2823
1130
937
1973
544
2887
1951
2348
921
2298
2718
1261
457
589
164
426
940
2428
2247
1763
375
1579
647
1294
2026
1914
2396
1321
1229
1749
2451
2947
2795
1433
990
420
1947
1049
2766
966
1017
2931
2169
519
2163
2569
899
827
473
2495
2425
2747
1679
1457
2937
1507
509
2920
2106
2725
2714
2763
986
305
2077
1715
1634
663
1923
1113
715
1340
1906
2609
2286
1532
1623
479
2491
963
850
2070
179
1030
490
154
2968
771
2738
631
991
36
2821
1095
783
390
1859
2541
1103
654
394
673
2115
1359
755
2252
2959
2720
1829
1354
495
1190
620
1953
623
1054
1405
1283
2199
2440
1672
1490
1431
1247
2369
1778
691
80
65
760
1205
848
790
1150
2487
2805
1381
1962
621
2933
162
1603
758
2838
2872
41
81
1645
2676
2877
786
1093
435
765
2023
23
2413
2848
1523
2604
890
1495
867
335
2913
2910
1242
1256
1086
2124
2455
2184
2321
232
2150
1176
659
2307
2427
604
416
2895
2793
11
2415
718
2983
2457
1255
530
1387
908
692
2556
2642
942
582
342
344
2595
1999
1772
106
1855
2992
220
2732
1595
935
95
58
2058
372
1114
868
166
2402
1264
1804
2618
1765
2954
2417
2141
1915
1574
2310
2708
2198
1836
68
1096
2376
1033
1329
1148
1117
8
1768
2919
2568
2232
437
1888
1083
1476
497
2932
2264
493
1525
2917
358
1688
452
1907
2670
570
374
2328
1353
2622
2688
1551
1747
2836
901
1533
21
67
260
2136
400
118
862
502
491
1498
1085
9
504
359
622
1808
1147
160
1985
1204
2025
1331
1654
1630
2458
2036
522
247
1917
54
682
2347
2429
478
393
1392
1284
2466
387
1003
614
1128
2750
641
569
665
46
799
640
1949
476
1266
1767
1613
541
1636
127
785
2481
2338
1289
714
1412
2214
284
1605
949
780
2982
467
2865
163
2316
2069
1293
2551
1379
1089
2593
2464
1619
1504
2901
2266
1540
2095
1766
2628
2882
292
1366
1216
1596
37
1236
2033
2395
1273
1419
31
1213
1912
1201
2053
1547
1752
2679
508
1873
183
2473
2690
2314
2716
1298
2195
264
2699
1244
2422
1013
1287
456
1158
1390
156
72
2639
2380
2021
312
2555
2724
1456
85
143
173
189
1966
1774
693
2562
1562
1733
1296
2166
1119
2575
88
2287
1170
2048
2706
1040
1874
1895
2719
796
902
2790
2844
1358
376
1159
2712
708
2853
741
2127
2043
703
2819
563
1124
2911
2539
1840
2928
562
1012
1681
1795
2949
1627
1575
2614
2174
391
1817
1692
2202
94
1863
1454
626
2522
2009
224
2894
1140
470
2530
1943
2213
1326
2813
2349
1940
1602
345
2875
26
581
1724
1818
445
2443
464
2090
1850
1789
1828
1011
107
1571
2154
810
1979
772
1998
1919
2788
425
99
307
1259
1920
624
1211
618
1536
2401
120
540
742
1994
2165
202
1032
2942
2767
1730
1847
2360
938
1073
945
2643
417
2592
1546
1376
2674
2419
2221
652
2379
2519
4
1407
1224
2748
1455
2295
503
1639
557
1957
2488
2869
2995
1350
770
1015
2456
598
2490
1971
1570
2610
2864
612
1516
559
2547
513
1084
180
1513
925
1141
458
2960
373
221
1929
1832
44
1300
668
884
2460
872
1351
989
2554
310
1160
2655
2193
740
203
388
1986
1021
1991
2856
610
2814
1609
2217
1231
956
2060
2978
1670
2158
1207
152
1469
125
1933
686
523
1445
965
2663
1886
2578
205
2761
2862
1333
1131
2430
655
962
2329
10
605
2299
395
30
0
1899
1590
875
507
1382
1104
846
2807
1531
1972
429
1702
2045
1945
404
1397
836
392
2335
2561
150
117
687
1102
1380
2238
537
528
1924
191
1441
1126
1946
2944
2007
2227
211
527
597
2377
1903
1701
1409
240
1751
2579
927
442
2512
1955
1783
1740
1738
2143
18
1415
170
27
1930
815
1921
1319
1621
565
1123
627
1067
2111
2969
2431
617
96
254
2254
2116
2128
653
1127
281
795
2435
2892
2513
2967
1849
186
2304
1522
262
1517
379
348
918
638
2240
2282
320
1598
1317
276
677
1179
2832
923
2868
1822
1728
1592
547
2162
2374
2696
1268
2542
688
2734
1880
175
246
762
1400
2499
2122
1092
1780
788
759
1893
279
2324
556
2998
1527
1347
2189
2950
769
2074
1669
1349
2930
1825
2479
1852
2384
2854
1214
145
2903
778
874
916
1486
2082
1332
1954
2279
2839
2736
1902
743
1391
157
299
2804
823
660
2835
888
1657
2275
2518
1775
2697
2850
1251
381
2773
648
2205
2134
865
2133
2305
1606
306
2590
603
2834
1002
2952
689
1399
1428
2972
2489
2870
609
1422
1194
1833
853
861
1308
2462
2523
993
1594
560
2176
2239
1187
1120
580
1695
1304
510
315
1421
280
1098
1604
2753
223
2993
828
338
2497
172
2281
2085
259
985
2785
2603
2284
2200
2463
1220
1853
2078
73
2138
208
1461
2283
2151
1314
2167
967
903
1395
893
1875
1534
1857
39
2344
2477
2762
2517
596
325
1824
2502
1851
2315
1550
1485
1066
228
2752
2768
298
551
2178
2689
1823
666
2351
608
248
2828
1038
2759
1729
1280
2223
1723
2803
2075
2729
433
332
1239
2003
2408
2356
329
2702
946
1051
1687
2669
1659
2496
77
2179
2684
2135
896
273
756
957
1472
833
140
2472
1505
1408
124
1677
2883
2142
754
1846
448
779
2602
2830
2002
1357
2190
1009
2234
1069
1162
1891
1286
1618
2951
1212
1974
2404
97
1662
1845
2616
1897
2366
1430
1658
2104
1925
838
1553
877
1678
92
928
296
1788
169
93
1616
2567
188
1292
698
1628
482
2704
2532
1484
1652
489
856
1668
2638
1938
1022
187
441
539
2244
2867
615
2585
477
2878
1834
1097
2758
802
419
1318
1526
2066
2908
847
1065
2280
1107
2387
2874
661
976
2099
165
2231
1245
514
60
2678
2416
525
2475
1046
1449
1028
1814
792
1134
1221
883
1426
1
845
2961
2925
1152
2203
852
499
2486
460
1079
977
1410
831
676
2474
319
2030
2503
1356
800
1610
1295
64
2816
2581
1465
432
266
1716
1324
471
873
735
1560
2886
829
241
2737
195
1328
2701
418
2424
882
2365
745
