74150
92071
95885
64446
99260
22345
76205
96323
97916
86260
7397
65647
45362
87009
4269
29668
45014
95608
38319
69775
25073
23542
36965
6155
91466
56729
19087
82004
75234
18214
87062
55772
38401
8773
15807
19804
78187
80941
2430
30940
12775
11091
56078
80864
98872
80928
71388
1990
92340
82590
22325
42922
34882
40962
33571
98584
74336
93406
14935
19721
25948
64454
84896
69479
5165
69637
5115
84376
91550
43249
4987
25873
16340
9946
69251
57873
30505
85628
22687
53952
28064
28330
78971
23142
73783
22653
35154
1578
96103
26806
80909
77012
98298
14548
82086
7595
69377
89963
65670
8874
46701
67217
50120
62878
6591
95940
65728
21269
3520
28994
92459
89295
91704
9356
56835
23400
20512
80633
28056
76737
27573
7917
58401
57120
80885
51064
8332
5363
71954
41018
8342
42116
36085
34062
40483
76178
20224
23856
52534
7697
22586
42424
21526
8096
15739
35141
55923
53566
29186
4259
26841
10424
37495
37176
49933
90768
90514
5726
55916
32868
94081
61876
5797
46482
41485
55692
29634
79457
20472
7664
32392
80631
94810
60571
22996
4004
30058
92184
48910
80006
78860
29215
58527
468
97939
43957
41984
4448
41959
27799
17123
38826
78788
37007
51958
47222
6957
60512
33469
965
37815
96391
81826
90557
38592
46746
51896
9935
47778
4482
72930
88989
41335
93975
27555
326
23365
99959
95102
76239
66020
31283
86718
71693
12429
67986
11886
66053
87671
71485
59098
70537
37713
55260
9253
81021
15130
17157
37231
31675
86204
26858
58078
30265
93280
36720
89061
70328
50700
91715
1156
21499
17239
63681
66016
96635
53603
56735
48529
87169
45726
63320
87471
22736
22412
40137
44301
58996
1153
74586
29384
23537
85582
37736
51705
99981
21198
16197
668
42688
42265
47116
38711
24034
46112
97491
85198
88154
51340
27286
24590
86293
76642
74500
52737
66616
42810
71927
91785
8379
7438
66331
30757
34636
45503
74402
63539
52210
12485
2205
43371
5962
2066
24589
68014
92720
31540
97425
41222
21389
92025
31346
57019
34380
6145
84946
53109
65570
25656
90949
76398
28281
36641
33823
51907
91995
31628
18212
65341
26975
18408
85723
59861
38997
24355
428
90473
19167
78849
42141
35229
22053
75923
93749
9644
14395
33793
11520
44785
67055
7913
64748
7909
12402
82519
19911
42895
87568
60403
57302
54619
77093
9453
48245
31993
45524
59221
4917
20895
81174
83654
24834
81145
46244
64262
71374
15304
94633
10050
24719
97837
83667
38884
81257
82500
74016
34628
61945
75453
70385
23139
1586
60328
77453
24957
91727
17629
56497
96756
75096
54814
58698
43455
49905
25746
9027
62692
21283
42393
7726
4089
56782
65801
17259
21741
48810
11086
31180
34789
98437
84840
50764
21849
91282
78424
24759
99149
51827
1681
47954
84181
8695
6032
95331
8855
15849
91478
17111
3560
71765
65087
17392
99369
44973
23643
8903
97048
47806
1767
82737
4512
27333
57544
91772
74098
12463
12181
19807
24837
99052
26684
87563
5558
43247
74237
23211
96056
73393
78718
67646
44965
64764
41593
90963
67859
15396
19979
64055
1392
89967
123
884
82356
3282
65437
91030
30480
85414
11749
76838
29576
10452
68356
32947
76650
32144
9047
5916
55000
56691
84441
4469
93910
20295
64096
27613
11406
84600
28798
1879
73023
85332
20887
30324
45985
73325
49196
64236
90851
10016
73749
3052
61150
18655
50907
24717
64286
41857
5851
27294
44490
86180
45587
67408
15353
46409
50785
29508
13361
47503
71130
7905
79049
18723
79231
11904
4117
68008
5557
71592
9964
95182
26421
9252
3906
44628
94819
25267
95008
86576
58887
67241
59956
27939
44336
6102
38170
84923
6808
52686
88063
21709
85281
38215
52209
6045
71208
94032
54635
61217
21756
88334
55507
71940
54973
39558
56527
3042
26801
52860
59739
96821
58406
5495
28117
14905
17065
9174
52134
19743
38638
36192
19516
20003
81456
82760
74578
64555
96106
87236
15070
44792
3608
54099
96083
77306
28058
38578
93097
68921
1411
96672
25352
48123
98444
53569
338
99450
8806
42394
52614
67904
45959
4096
74352
91219
52893
79800
68418
3568
89868
86287
47163
46982
52111
50172
12415
67740
16479
12041
64359
64108
15893
62251
77459
69224
25203
51484
70124
75340
70717
31606
54772
91315
44206
38712
10736
36753
68905
75278
11215
20813
4102
39688
3843
18709
60676
21324
40903
2047
43990
82756
69438
40163
59369
45594
94335
84263
7309
22085
19778
22881
29085
37809
87008
66669
23078
76584
58739
92998
44132
41966
50729
61785
15093
71577
44726
24868
36827
4262
99299
30498
85467
86394
23985
23493
74414
7169
72067
7706
46128
83989
59374
43531
97723
15094
73901
62881
81772
76161
94194
58520
14624
99913
4106
3419
24250
32674
67391
49761
36401
90923
67305
39331
74546
90326
87358
43746
46264
55543
2195
91584
94519
20963
27841
68063
45197
23096
31111
85759
33679
75318
52323
220
45008
113
91288
98357
48317
98269
95738
41831
19525
28615
51689
89064
81817
18552
26013
38972
18889
14359
12062
7300
16464
30843
79333
59524
98589
10705
34201
70498
85546
30310
19733
65544
2094
22391
28308
39570
76471
30015
16339
64155
3738
92706
42737
74309
59833
76553
27940
8762
96070
79018
45337
58564
19498
35528
54076
97731
67620
97104
83396
59929
85610
73338
76613
30787
4321
70868
9023
87340
52180
12746
46917
36790
9796
53342
26214
9519
50538
47367
36004
46865
2367
39795
61274
25345
81853
35734
3285
90288
63450
61404
62225
6243
84220
68734
59270
35171
24384
14407
57443
47573
93836
35817
91400
87252
54239
1289
17741
51330
49856
54387
40457
62342
61800
75601
2083
948
34251
52706
18828
54241
75759
18140
60258
25133
1996
30088
18675
91064
56254
95873
5194
61014
90262
40706
15502
73731
35354
14536
14789
89807
70551
73714
14272
20139
80689
81811
97234
65979
77478
2375
490
87612
78454
13023
10701
56070
57844
97714
80205
8356
43475
73149
44468
55895
22100
97373
81930
168
43021
53021
53940
41594
72480
39157
30225
76193
28402
67611
37461
38452
40958
99802
82738
23071
10437
5505
44905
52298
62057
88639
10305
76781
59996
2494
82357
97642
55521
86243
98796
30780
56439
87497
76936
48533
45845
32227
81014
8583
62008
33563
41734
32554
68651
45552
69301
8984
10114
84673
59692
55790
82971
40459
86734
59469
71220
7480
46172
85999
21207
4518
20060
11220
65068
53292
81874
60410
20197
64581
48237
24309
35414
91109
7274
72860
5537
16908
97548
52302
177
73403
91499
75756
16430
39731
39625
53963
24950
64114
55343
48834
36246
77019
3597
46271
84531
22404
90738
55026
19093
55684
716
3803
61617
15188
91261
71132
66664
69634
8045
81232
4678
759
2909
93145
34479
71972
69941
84154
67474
55127
77353
15202
35854
79745
60308
34442
74504
44214
58812
37952
25769
30392
5293
75413
63003
29776
7432
11665
15657
81446
33790
58354
77285
69900
1118
71901
9789
15645
11489
31988
64497
36025
95872
63458
2595
44803
72849
51902
59143
27183
66018
81125
40436
70572
47943
30359
49584
52426
34510
32659
65332
5010
45482
2934
82395
55851
81362
88078
18633
17826
88601
91646
54354
87429
41290
24425
35901
90043
43008
1927
59414
22293
52235
29885
73419
48965
40768
56196
20911
50840
32571
35816
65586
74805
94556
14087
68814
7771
22078
85677
79433
33779
61122
49350
67850
38714
72924
49802
74151
6338
27971
9868
84968
81956
7167
70073
21627
19018
56066
42873
10405
735
21670
79427
66011
18881
18424
31987
9616
15942
5536
78430
27454
89617
98073
10076
37745
27591
88929
22250
96961
27695
7046
39378
90494
32739
92206
14323
21276
41475
207
61184
27084
30739
54728
1960
50401
14823
53873
46870
55657
89390
59373
59274
65153
29811
10930
72257
76867
18239
31653
89393
66851
99067
71295
69052
29223
85201
7779
93582
76698
80308
21434
11873
85656
58872
5612
84731
70150
89519
4456
71297
82633
32055
91585
15372
17595
29985
37415
86307
46916
41526
54789
32193
15522
95287
98346
12244
8752
96445
96376
72386
86754
96087
42848
57914
39671
67009
37818
95893
66624
20855
61192
14011
40474
90850
43090
6187
41790
85783
8687
10383
85353
87637
47967
48663
77546
62674
71458
87072
97636
41352
62807
98573
89633
8565
2418
2197
2042
9583
18259
70850
86658
58156
88616
94310
47552
47186
66941
26381
22197
30051
3745
77341
44118
50678
75723
6602
86484
37894
75395
6178
21119
93257
90990
9607
44877
24547
84537
72036
26937
66001
80223
81206
71329
56560
69686
94702
93465
19873
37474
57133
64605
58351
85849
42990
93878
67216
1428
34798
26787
72486
80736
51073
79864
470
83951
99639
75106
39212
28319
35885
31834
4258
45084
81301
30462
424
17293
63307
97503
41732
18498
58091
24500
15540
97046
58725
52301
64156
81913
58708
71560
72679
59610
38968
63999
99842
41925
25531
79031
67224
56262
31623
61284
64577
27480
51455
38639
84275
46521
74746
81751
33855
98300
89625
9428
40857
24432
59641
12801
95882
94893
73926
57771
8310
18306
36293
64593
6209
47195
48819
32689
38914
81681
82952
79633
28848
11111
24260
12887
20985
97964
6548
33701
51601
63262
25696
57778
76272
41827
85325
38606
67103
3933
33021
18472
30885
19372
70441
40825
6307
17154
48432
81279
28340
47488
22393
44267
92255
49589
94910
17994
95046
3335
28215
98373
57234
22835
35372
15262
26556
54582
46580
86772
96169
85804
33908
87332
83021
70257
47709
74092
56812
7335
21273
79539
16600
78017
67112
24940
4607
83235
170
50933
88543
73376
91545
35726
47580
66972
35320
8788
21673
62599
28998
40734
30846
30470
59222
16176
51489
93894
96370
21840
91489
40558
45530
88877
14261
34614
55494
82869
61846
39551
92970
56682
11371
58292
29138
27672
86814
24864
82604
93124
68662
71649
2682
35347
95417
25485
94830
37162
13034
82050
27620
13977
95028
84387
88408
59754
58514
8371
87216
67188
85612
21295
90650
20637
3183
32830
68193
14048
25365
69418
51306
98870
87438
69020
33005
36054
89461
32127
30097
41812
65959
20949
40752
82704
92962
68603
51163
86631
54164
33691
47027
60146
36870
38313
39075
28563
19709
51237
78642
73366
1618
67870
28245
96245
4033
23995
99002
88291
84225
63942
15181
3638
57748
59411
94012
61551
53335
64221
39970
10364
51665
92704
28731
99494
5143
84230
3929
54598
15149
10811
17874
25820
26371
42719
6154
51010
68092
314
6259
8849
84417
17504
39552
71658
49996
97619
82954
9158
22422
642
98706
88444
11548
1367
14701
58112
35002
91899
8644
38130
99159
5302
50380
21688
74472
75433
48653
26774
53244
41478
11744
59831
82536
17613
46933
44159
26727
65919
89311
56935
53556
37073
44902
70691
7403
16446
79666
1378
48499
4543
39536
9523
41138
93984
28138
23992
87504
94943
31199
36718
11224
83248
32603
61966
2622
5021
88885
63735
132
14351
11838
8344
93613
51629
48729
66415
60824
82649
84755
74218
63943
99263
4164
85486
10539
49383
94313
35729
97271
19271
48744
64536
14197
76218
36084
97501
17412
10061
30159
50895
82778
54546
5960
3656
16198
12206
64629
16573
31154
79076
55015
28385
90111
67269
31074
75964
81720
60840
79468
57396
22314
58278
19667
39049
54747
12470
85269
48010
99014
61400
51714
31733
47570
45755
98659
11659
42288
42509
66526
96582
1140
24402
55975
51108
13234
11825
62000
98186
38792
34262
94450
3289
78704
67470
13816
91170
57005
38459
25390
63319
74829
86580
40078
91138
70831
72765
74001
74721
34105
30575
98626
71695
17080
96603
19741
34454
80572
10987
44559
14986
23258
61559
47333
40969
15871
42091
7493
55872
65720
57171
21328
51397
79935
25902
3284
74035
33374
95818
96062
20115
48457
17923
51800
68207
89515
68643
32855
22591
30600
67862
2700
71969
51890
38399
63910
62117
57489
17783
32891
19957
64566
88328
5926
37485
57147
81130
80249
79091
29343
60853
83772
1303
46333
6346
60718
14247
78225
90149
31881
99541
90952
59202
27432
13468
10520
5183
13708
83344
92567
38895
1636
93356
25114
65965
14539
53825
27598
27563
81685
27410
11125
54160
38931
77216
38801
52223
34965
95216
45090
40841
39227
27166
63467
35148
20807
50916
16313
13143
41337
63525
20768
737
93106
73074
84166
66439
48357
45233
52882
81006
8355
43081
94479
27491
86707
9536
62146
46138
49476
98380
67156
83997
77342
9473
28101
94105
44545
70201
19407
88166
56093
14685
23749
77250
34572
1908
92797
99518
23457
45532
61427
98636
37684
71862
79691
44427
49983
92243
40400
84429
74142
71423
32794
64135
71278
35226
70347
23665
83487
51447
13744
91216
17037
2247
18638
62443
48449
18958
82191
16714
18355
18679
78125
8322
27182
75574
84867
58276
13238
97854
10570
47938
81465
9662
66156
38982
92152
20015
97505
23204
38847
9650
88565
36811
20910
58575
85785
33575
76808
9223
75699
64180
73093
32803
83433
35782
97137
31163
27127
74711
63860
98811
33650
70100
60760
90816
36984
15607
74505
13337
67416
70349
21447
23247
66461
1450
57508
14936
78303
95459
73550
20233
49620
4031
65478
2277
95895
39590
34352
9889
40715
55622
4377
60027
12159
45378
49577
83610
46939
8150
76951
41729
93547
16915
45566
45655
14307
30150
62740
35606
24869
82099
39105
29826
83798
71187
65674
63725
6331
76261
41318
15309
45689
45891
3381
15699
4048
53495
34760
22545
38068
26153
31308
95797
40834
70062
11819
5434
35899
34247
2470
77101
97075
17349
2520
5624
52464
67331
60221
40274
54491
14955
35376
47475
53953
23428
3004
28486
63982
29391
61204
34678
19718
77427
14926
60105
79584
67098
97375
3814
87610
22865
61712
47150
82631
55475
88406
48702
23406
28588
18422
75127
30944
22849
27709
2236
98287
38932
66512
69179
24504
54033
42648
62349
62172
55783
30471
44043
65702
62264
87090
38605
8018
9556
615
39664
40954
81376
12374
92339
81782
10607
35172
32952
38527
28039
57303
41927
36462
39318
90364
41889
40045
49688
46191
45452
36523
4371
40645
14349
69677
1117
29315
75013
17561
3826
772
565
80570
90413
8881
93029
67587
71761
68068
33654
35288
89861
93288
1096
23891
83791
99609
49788
59886
75075
42170
44452
24137
44729
4370
77860
56318
13506
36986
6364
82200
98288
54324
2927
4458
17522
27806
47527
91949
72847
27268
27837
63063
10440
28876
6594
56610
30280
47902
89081
32923
63444
67732
72336
66073
98707
6383
39953
43750
26172
21487
75255
23101
67924
34009
43418
35752
65931
12732
5935
96283
52909
23792
76352
21170
44200
56601
76232
79059
73982
47543
35541
54348
938
18390
71028
16353
28501
56770
38047
34499
86747
7520
1372
27616
77680
81425
81097
72296
42289
46920
52908
24229
55791
94460
59375
7659
88079
2542
93754
47609
37751
66528
63145
7944
50076
65288
28903
20919
21219
54823
70672
42957
59582
27499
27974
8799
63322
86470
51766
30815
70704
86509
97534
69159
34672
64827
95612
84374
74663
55222
68970
71615
10527
18629
50139
73618
17919
52312
83953
32343
49563
17193
33146
59695
86132
62982
69967
59337
820
66802
20157
67933
46420
83686
26906
2049
67822
58889
92787
46871
7712
5857
95523
52279
5181
43743
18320
34500
48516
73911
79261
13823
89961
6831
67593
22995
32318
69667
99581
16253
3254
64488
23710
32768
70356
29542
98227
65448
54953
81825
37066
30742
57724
98847
51047
47837
10094
7755
37257
1138
40579
96172
25808
75068
99230
12154
24986
79063
27330
28523
12451
23062
70451
59162
73286
20473
4642
59248
83191
44109
52415
53296
75974
81527
84049
38473
67134
96268
72509
94144
64645
47394
22471
74892
22171
5439
22766
20975
5882
66131
54336
56638
64785
40560
64137
43522
58345
86296
31145
40672
33819
5196
19377
73427
37063
39041
17739
33115
47049
18776
4566
48812
32986
39487
77311
40337
9014
55058
5371
89129
97173
61207
97042
22055
24754
9493
80970
84857
7601
35029
42032
90622
34000
89077
60084
47420
72719
72707
33136
55367
76877
89128
21397
70646
45340
12105
37872
16061
26376
28410
46764
91376
70175
41835
14412
69398
87078
46721
88399
80502
12996
19339
93856
73364
74331
83013
99103
49857
44571
67202
62279
94804
27067
57015
27500
13152
84696
29970
50513
72128
68758
46886
58859
59082
1187
14382
42527
15660
82539
50231
85948
80147
65864
84831
16828
85547
74549
94675
72667
42469
40712
47785
12606
86980
47474
89526
42395
39197
47673
82406
27351
98306
80332
17426
71192
79891
34889
78633
82169
26441
13607
88024
8814
55326
18841
64380
60563
31256
37434
66555
41632
52471
28713
61281
79452
26619
53186
36538
31218
49184
86939
60675
10337
95113
86953
28579
76755
25281
77121
500
94205
84222
41954
31384
8173
14292
91120
46233
18695
75487
71280
24248
14355
21753
56379
22604
21177
93407
73813
59486
13890
71466
73283
87508
52308
90488
45899
98264
47070
35626
83816
43388
70308
98012
85983
27016
64254
53850
39853
37535
9943
15274
33064
45358
41141
38265
33664
9788
27866
25952
71524
69581
76195
57142
96493
13409
53035
96136
87854
11107
744
15834
67059
2253
94179
65143
47930
72315
45177
96861
82195
3107
23124
88914
9198
27391
89364
90201
46046
55721
25476
70781
61694
2411
42548
2889
25179
72040
67876
24361
45982
84241
72569
79506
35119
17797
495
27804
20125
4097
44285
11043
60794
16064
25400
73987
32550
82957
20828
86752
55978
41850
70832
74763
86282
42847
73333
34929
64840
78427
35687
28061
66130
92382
94390
41750
24631
45433
70458
75334
57697
55203
34624
61172
23685
5867
87105
9558
99605
47616
25259
72415
10220
85613
90313
51733
26839
22478
3239
58126
91937
46201
98885
39258
70167
10886
64245
46749
92945
13378
88679
81848
37322
31849
40503
11953
69336
98558
71168
12656
39684
71493
34024
17787
41015
33363
84594
27094
29888
3184
29078
63021
76953
45802
66293
76550
44239
94714
45819
46760
72432
33237
22926
31986
25156
34969
21656
53887
17955
94196
39599
88181
82263
22596
17141
67673
63325
32310
71936
3116
26816
1018
7715
89267
63238
30870
89068
51872
62101
76327
32257
39032
42921
95294
8316
93663
35321
6217
24615
36288
71165
24775
85625
16929
61100
26221
57548
43124
65553
58289
70819
14478
52921
37516
91392
90621
7857
94444
27898
94572
27262
74134
62697
88659
31440
11278
68723
46570
42757
69802
62765
1678
98895
22474
53573
87738
51848
34587
7129
67142
30313
14409
40297
72141
59733
3314
89327
17880
53703
69079
97556
19849
96951
191
92988
34484
39780
94495
39668
66774
26980
57568
26993
31536
11090
31648
94926
44722
379
41103
41303
62915
91399
10560
95149
9248
73261
92274
86427
41930
88447
16246
47083
38939
52561
30534
60973
42404
73837
28045
98498
83437
41879
58177
1706
40739
80168
60988
89873
78697
34952
53401
71745
31377
74869
83424
99253
58209
81939
94892
41701
17229
7153
52469
57935
90741
97584
42025
59311
46796
75496
96946
13193
23996
91806
15021
78078
62281
63
58693
80602
98246
65102
2006
78875
56123
51041
60753
43306
74060
64534
59778
84361
80276
4586
79945
32409
55943
94671
87111
40130
45064
98436
50975
93439
11750
57840
79725
1626
26346
88224
61573
50751
18292
41191
13298
62595
88325
28937
26070
15773
31211
33222
51925
8514
40626
13679
58882
83642
19079
52488
76276
44562
96972
97972
15976
82382
19024
66516
40351
72340
15364
29245
17134
59201
31009
21679
2010
50234
58031
66083
12058
92878
5730
61107
32879
70391
12900
43445
24142
28365
24714
4400
9715
41414
25940
55740
59428
31677
12903
87941
82726
43173
64817
25587
64997
97107
24403
87452
41126
58310
65176
51625
62135
5564
64576
88783
55714
57746
29486
56846
7234
60552
26511
58377
13083
88732
34891
64537
43473
20380
9586
36474
73605
53765
51523
72331
71957
84919
99025
90452
940
85360
13658
91299
60306
59557
92136
55894
34337
98549
61832
29595
34305
92272
86809
65101
68466
37499
8540
59895
61464
94838
97106
38420
92222
5834
24741
22450
37616
79293
44798
43565
95445
24493
34326
73778
73170
32955
32353
95670
81919
11627
77702
36698
10589
37947
28897
14276
11423
19806
57029
17705
46926
46504
36568
73970
92745
51190
89422
64035
42493
96602
40148
81887
74857
37559
74709
60472
56102
65314
71085
1535
51189
53743
4124
11643
64106
49525
88847
21520
79743
35812
71034
20271
11663
96950
74188
73803
90521
25360
80317
92634
37671
76089
22431
74961
78827
37263
10330
95116
76560
31552
77268
17008
12324
33358
13745
87131
92327
74176
86036
67187
19952
39132
56820
1272
83337
52206
77856
50735
10455
17729
15518
7837
52834
29457
26757
30257
8783
21751
20453
81603
81716
8218
79138
78901
53197
7853
2664
12764
86858
93639
83178
62772
88923
79172
88703
92066
527
23290
28734
93996
74759
44652
41751
58135
18974
39622
91471
83147
8561
95044
85046
62954
85927
10862
15468
77308
76959
31813
93859
59866
77937
33967
61816
14178
5320
46637
96132
74700
38434
62913
43200
67221
7275
37086
65828
23784
93083
64638
922
51072
7342
65207
86256
2481
1306
98163
12641
15255
33984
53840
4386
1477
98890
8629
56749
39905
62134
41544
53167
94237
12867
99825
17464
32526
64089
40124
36006
17410
52872
76106
1604
89590
80086
63961
36114
11969
42028
82115
29677
66598
34049
51816
71746
50029
87324
12345
13836
45398
32220
56745
23140
46061
95917
22759
81982
29052
25571
44949
17067
94627
56255
20878
76672
42500
13142
76811
41661
50546
90384
28673
84287
92573
10025
81541
48796
99012
4194
35130
85049
35142
26739
51113
25386
39703
51014
1929
95273
74681
64210
24225
37313
57580
84839
30565
93831
18444
77616
69233
49694
78719
15935
47866
89594
67198
64000
44290
70805
17507
48883
76360
33582
82320
22894
50828
65750
62908
21810
63930
79045
46690
16192
37712
9867
71389
37924
22549
93815
71754
75314
14119
22200
51169
41022
56147
55357
62396
39710
12564
44660
47758
7134
56184
69213
67897
9340
62930
78914
98019
13211
68099
58936
34173
97460
43397
18656
47505
6477
12952
16851
10682
36173
84684
10782
27630
95380
18886
64160
95969
72256
83134
70616
84082
16488
8239
50338
15419
16292
71400
2349
23273
8162
16089
17206
4471
40247
25298
72902
31446
98784
27691
17280
31990
45306
87915
8037
44176
48446
16881
38534
18863
1983
90499
50854
87633
66329
7536
55933
73699
65970
85295
20352
89089
53231
87222
33774
41599
66076
3437
76757
25069
68653
35877
70560
14622
42940
72554
79562
56335
57422
25232
10870
80037
78291
8211
38516
57710
33050
20413
33378
56116
26136
44474
98524
6361
61824
41481
7302
33054
12122
61068
97683
42408
90580
82683
99177
50965
59760
86113
19042
53639
41603
60668
91793
45371
85650
56441
97952
28140
64412
36878
5760
18449
29509
67490
34962
44116
22792
56918
50672
1783
6999
26541
7830
24871
22072
71180
29884
10598
10687
80272
31764
92645
60428
50193
3635
47458
81562
4603
25775
41349
45676
81969
16175
54217
72240
14876
96334
49164
65665
95189
6959
6375
84120
30035
39249
45287
9651
94959
82968
81383
63492
26190
26986
38157
67448
74992
55922
63569
36797
2526
24516
28516
89025
30418
78258
30219
7421
5007
98156
35006
68215
52335
95283
36219
80786
60890
51950
73129
75746
7425
42397
12264
57157
58799
66812
46526
84106
13061
66493
50031
66009
18741
28249
62620
79314
51898
49409
4665
24836
24146
40628
14898
55316
5807
25385
77665
70230
85573
5259
61928
55237
4736
12234
52986
46126
31731
60390
21632
42744
37982
96541
40013
98188
81992
4444
37512
72901
52370
52038
56385
84393
2750
74178
95919
34271
22924
12585
31184
13375
13401
53407
64490
55654
16092
39386
46831
44483
21637
34155
58275
85864
37468
19526
16628
31186
18767
84214
89598
85388
15547
69432
82199
20457
70621
32477
89688
85168
9859
39948
7833
3726
4073
51065
92038
83180
94407
71855
27077
58828
64092
2218
92435
83932
19793
20640
83769
6295
14018
19943
23436
84027
61826
32522
44189
64265
31937
75838
9655
56764
19449
56295
25196
67390
5804
98746
36708
36839
29480
5
21375
30422
5592
33001
47559
98881
12299
15924
82573
76478
42537
4925
94004
37342
39618
52093
76377
14750
10147
77326
85824
7037
62660
85527
55479
82632
43495
87639
16703
65458
32138
48515
92786
55163
17216
42793
45652
59252
6292
18809
91449
30867
37550
67058
53308
79448
42097
68346
16054
15727
92925
5715
19221
95813
30486
36520
37755
15772
13246
29727
41336
51170
21821
82112
73351
1808
26514
77469
2743
79319
46947
95435
80214
15402
32381
94697
50274
88319
45049
43394
23922
64256
21554
47181
95219
12153
6624
65039
57870
51120
70930
29296
30766
70022
29205
91177
86417
59446
49745
64890
29112
91683
94708
15615
57505
55115
63309
36134
85580
15325
21854
24588
5699
38969
11692
24521
53482
45946
66901
71647
67229
46407
45525
55319
38463
63498
73304
14599
77400
31645
73444
59563
41677
37454
58590
52280
43771
33921
17404
51789
83845
47659
65846
85140
90119
38587
48495
80849
77710
20450
74632
58694
55674
543
30395
82773
83061
46001
12929
1339
71719
83806
59063
48115
40651
40963
66266
40908
4597
42437
52829
66463
71618
68031
69570
66786
98900
38967
90056
63758
71928
46511
91223
60440
33168
12817
51284
3857
78164
52021
32250
71047
37019
33033
26499
6526
50123
79759
11796
40366
40942
52655
91905
67544
47978
76601
23006
52487
69729
86101
7719
18247
95100
13615
65239
64544
18576
6870
39845
66112
69469
50517
50184
6013
28016
89480
12280
52851
61414
22510
67810
72161
15949
76061
92164
35206
82038
5249
96511
18235
57867
71036
24318
67641
5075
71884
50242
770
49592
61627
29117
38194
22377
11480
74344
34119
44438
13834
41888
74192
57952
232
30666
83992
15878
26187
61674
6961
23835
78228
66713
81525
21961
91111
19103
53690
16122
83055
93981
25480
95302
90690
76910
97975
70729
47295
38378
305
19796
36743
68525
34222
12413
32314
9440
75443
95547
70071
19872
65181
65769
24019
96338
5880
61861
79624
87223
57193
96198
72866
99732
85593
23937
28214
17905
48867
21439
92955
12580
55359
54093
89033
35252
92705
91011
16180
71435
85083
96114
91577
27426
12366
32598
66806
94405
44720
25096
46048
60561
1512
12822
3659
34783
36770
83789
3542
24569
80511
52216
64049
59872
19203
75606
26092
94449
72839
79255
63666
93220
19159
57076
40539
25439
29207
5863
80500
69611
32778
37206
54172
29474
24366
65856
91769
50028
81891
84841
29335
50249
98149
9747
2796
90660
17915
76206
76546
82663
99469
98777
62871
88356
53066
99029
8545
18590
27747
29820
26478
6697
6218
20546
34284
30869
33609
90517
56359
95087
80125
69487
29108
66172
54408
23005
58557
96673
84443
97115
69725
76403
44050
1446
76735
36766
14217
4042
77658
25669
54778
80685
14528
87564
89741
71988
68939
43434
25937
54452
81765
59379
1649
27512
9831
53663
91948
65927
14246
49342
58192
50632
33298
55217
45543
65833
17847
76099
62939
33948
99348
20995
12848
55724
26908
55874
87263
59210
50402
73746
27492
63980
42925
14064
32557
87123
9795
89809
86749
46261
7003
29265
49841
87070
26687
73049
80952
26521
68194
35563
26580
81807
24135
80492
37824
35304
84378
7350
3338
74844
85344
8739
19332
69621
50570
86122
76114
50433
31272
71551
94203
45356
31424
2486
74774
48881
83231
16079
99187
13777
24794
52418
14470
94452
96057
35602
39311
32746
90073
70666
20432
6204
59391
58072
88242
26569
66958
8727
60684
53704
17109
64001
67451
121
43205
37619
55592
37286
42769
68485
4141
85263
37776
76054
12623
35584
28406
81500
21366
34982
55910
7949
6817
16657
80723
96279
85296
54069
97080
55468
2778
68188
2246
50921
8212
46340
63316
74985
26336
68153
33084
16952
7950
34277
47457
47931
17509
54775
14508
94431
18341
68654
85507
62037
22102
32272
54873
44807
52550
96440
77918
10992
86047
70176
84123
66280
70208
51024
51962
83985
23447
87982
8415
97405
32212
20996
38054
57959
70836
36430
40928
48116
96508
15940
4064
58765
8840
61242
94656
50499
38816
33542
79442
62985
7987
15067
93668
7364
74610
33388
3368
48188
2163
1157
45588
1934
3708
89518
21791
93580
69928
9424
93328
21608
392
27843
67911
65589
4596
7206
1896
56826
92261
59413
65456
20278
93229
3852
67993
135
58717
52709
81777
81033
20408
72938
52290
38598
52553
75519
71824
55098
51355
92680
50821
59788
878
59006
35443
63276
13896
17614
89510
52884
61853
51338
8076
56094
69737
19029
27733
59748
263
3735
8873
20970
95900
28739
30760
3999
86135
69477
97022
89730
83122
43177
43357
63440
5885
86678
34794
7946
95853
25938
9600
60178
30728
91798
86374
70614
37722
62286
50017
39074
33083
54678
40914
55770
19627
35059
12633
99894
66675
80839
33061
43972
28359
93965
90399
85673
41865
34804
90899
47481
8756
13303
21116
3691
57457
91493
96815
53127
87785
98381
67603
74256
22015
55471
62853
98564
83767
26493
73143
78004
71354
66295
75757
17110
90035
10444
60809
72372
80316
30773
19920
49240
68649
64853
48944
23600
84064
37026
72649
58858
2594
43359
42266
29460
10885
67739
15185
28491
4315
64904
38126
11477
82058
44070
39589
4051
17131
21634
9762
72712
70511
58653
35598
42583
59206
18121
77507
44356
43594
44236
9380
10193
43753
3575
87445
3191
95814
30316
49796
1099
78433
4856
58848
59409
17339
99151
26351
72405
53217
71657
62574
17861
50781
57642
8393
33532
95135
20175
22084
67289
42904
93320
99204
63659
99659
1662
30670
63085
55991
5082
39423
92884
6621
99787
70480
8602
15822
97254
47823
63506
68626
46524
39299
63438
39266
14817
69538
1940
96089
7742
90086
82482
96359
22593
81802
3977
84177
51184
8912
21860
68216
93561
73003
76801
35423
16514
8851
50301
2916
15754
41169
73472
45733
57456
83593
51206
87695
50300
35609
6444
69733
24930
37377
34366
14096
90595
6269
4560
19885
60405
9936
5796
57070
37245
16749
40929
4188
91953
84979
69403
80760
25312
72853
29291
15500
21215
17032
25792
42083
99042
21478
36068
53554
8234
33682
3610
41351
35873
71253
51172
14756
94037
22282
67765
45152
54822
86453
22625
6393
86319
62272
56055
73266
97489
76739
34513
9832
19341
67890
40505
85073
5801
48890
86715
91523
78997
81108
5289
77811
25919
8015
50413
46418
70541
76234
58980
12281
80050
35251
63129
48147
22589
27554
41695
15965
21155
35373
47160
41530
75683
45955
67371
89658
90840
92734
53078
88925
76353
84689
57589
76189
79170
85796
91916
90159
36406
40152
19610
21302
42073
86934
82470
39240
10515
63152
48854
44845
69081
15263
97479
75959
28559
7585
5927
87530
23189
19429
26601
42733
17436
10390
65407
16567
70292
54306
1038
46170
48685
18908
72082
76180
88836
5906
16227
22769
37353
94791
33060
96735
14454
69100
11760
5643
34279
47025
5776
39575
54101
5084
3024
36877
98045
80871
43897
95282
83672
17138
88102
74821
39163
17493
910
75249
95033
72729
59258
62160
86496
36298
51444
88512
53402
10940
93192
6294
59360
8685
83830
36928
56473
6349
42027
5496
93809
79077
15301
28678
43616
25269
57465
22624
36862
69427
55350
30873
76692
40687
36684
20102
16492
91805
20860
24585
88008
69235
28720
47568
22707
73923
86012
3501
71501
65653
70469
39429
8992
35964
55423
10209
67711
90720
80622
84561
28096
22021
3763
31101
53831
20051
212
1052
48417
41125
6984
81332
30092
13800
89226
56238
24461
77566
47556
30729
94397
49976
6788
18640
44158
19545
4185
66413
57924
53606
92497
48868
92587
29030
14642
37721
77792
74225
12766
65916
21650
51262
88227
84113
20013
66113
30959
30913
55557
17172
60172
77740
9827
25268
22648
33786
12823
63660
19163
57374
12095
18294
23478
17935
73597
80789
75701
65116
18985
27434
51796
96716
18104
52006
78265
85081
32704
94836
87053
31182
57249
55981
15591
49137
8852
23160
15167
42858
36128
13020
93228
53290
29299
68602
64925
45508
77512
17640
14981
14744
16519
35129
89279
9466
52356
50766
77230
37224
95635
81293
65731
43636
88994
28661
92606
26855
22954
51301
25221
69588
79186
33267
38539
90077
28981
29915
77682
10503
70191
62830
51309
4819
65190
3607
40357
44993
71134
99506
66167
4528
4113
13538
83373
4938
53745
30272
49927
81574
2713
7186
89618
37335
76101
26166
84618
20291
32265
43292
41039
12167
79949
18631
72821
63264
58919
90084
63886
21555
44041
92406
58958
24554
58847
30251
7336
64674
32175
29512
3215
42039
14331
66897
90554
24747
25419
76863
46510
22674
9921
96134
63265
68134
9530
6653
86925
11797
51764
79964
47306
15083
76827
46334
22892
40686
70939
43947
61813
1733
94074
43498
85986
61535
80559
23753
35065
21974
69649
95153
46669
77896
8581
22463
9107
2297
81763
67062
97718
50405
8347
52387
30020
91330
85828
27574
86573
31669
35121
92227
72501
81844
77816
38591
86717
87371
75929
72443
71141
6056
24393
4552
37330
70938
57008
2575
44603
82325
63298
60132
13529
96501
51486
6467
52188
92753
28884
27451
64934
33072
21251
94701
4436
91613
91951
12496
97322
33826
95606
2248
40521
86899
68879
78752
35164
81061
83236
51951
35516
71557
41626
25590
32107
70609
55030
3476
32283
8630
16402
74365
47493
58636
7413
23261
29718
12682
96375
97569
1947
78614
64431
12309
52199
47361
51293
41294
55274
1822
90724
48897
90766
95429
52203
75405
7975
26673
67310
28782
21968
98813
43664
75145
99491
98456
46455
45161
93884
13046
31404
45871
34003
91800
93095
34483
23388
63901
77283
5283
92827
47610
16944
60130
88569
76516
12910
63477
28989
38398
26587
39620
79503
64963
59834
18547
30500
23897
57751
44367
25601
89681
36294
35604
4874
41569
12924
47597
23020
8896
52030
38867
70727
15837
91211
76898
39095
70093
2489
42300
76418
28969
69519
90126
39196
45667
84223
35208
24748
25325
83015
60222
31767
68711
76382
21848
99752
82498
63405
28571
6030
75206
59732
90346
56586
20835
14371
20562
98392
7926
49506
43427
60090
36023
14179
97940
46325
44479
27931
75026
53670
5653
46279
42197
30723
60330
96993
92524
12692
11441
17591
18577
69590
83491
64475
7824
22900
1287
67422
73628
88734
85760
23735
86384
54565
7594
59336
1598
74662
72675
55924
56177
89496
34303
24226
73931
46397
16012
38767
4151
50486
32719
46441
40157
18356
93855
26563
976
51581
86943
11284
30133
13583
58666
75003
34785
61497
32479
39933
58726
20762
85029
26315
60873
35911
39257
76497
15436
38604
14792
67717
39568
38887
80186
59857
8437
82208
4698
12634
84815
9247
37349
57342
88147
84091
61200
21780
73335
90319
63292
38858
71331
17801
17967
59919
67487
76573
28526
6736
11172
9611
23358
87393
82702
24592
42927
54061
17092
32395
14164
98534
58903
18134
8502
15636
64345
29610
42983
29864
76853
65582
94754
57770
97465
45124
22018
91908
42125
45304
83193
45438
78390
75878
11994
93849
33226
19171
33631
65568
96748
25703
27758
88126
81400
34640
88424
12038
53032
65689
64775
1449
42244
43541
41583
71799
76751
87377
82334
71974
68808
10921
1362
56914
5227
96085
87829
58163
4204
19868
52264
51318
15921
90359
13153
50049
15140
81779
29475
40861
19285
93260
22657
8531
29533
2511
6027
34588
26294
64733
96481
78210
65135
96094
36123
85361
49555
22169
90624
68796
16642
49790
30624
85540
66132
40744
8853
95566
37445
229
78484
15282
66075
50772
38951
49510
50966
69895
59629
6835
56139
13630
8978
86690
3158
22765
59287
18365
69343
72979
89802
15477
42872
91766
81088
60286
41077
90780
78273
15749
68321
22836
5670
6489
76586
19877
31770
83938
39334
71019
23186
96350
28265
93052
12227
28670
56932
33596
72655
97413
75802
62051
30284
69631
26347
8777
60531
28693
929
82793
30
28380
80113
29780
25258
63139
86062
28244
71324
7043
84659
52725
21228
37517
91377
32180
46025
82824
2276
5402
14019
88745
32977
6230
18083
69745
42208
29797
34879
54138
55182
93982
59670
71442
67394
76700
77145
95474
18595
40507
74845
99504
23248
93496
67379
27676
26867
89722
62039
4260
67007
67546
34505
79240
4798
53392
75384
59628
70147
51859
20829
53992
3645
51450
70522
57641
38181
47731
47329
36259
32020
38089
3912
69761
65077
76201
46258
10793
15305
47020
64551
93092
40589
18099
88812
27457
44286
50640
8829
73356
87574
95359
67335
53470
24302
26943
43754
24655
88339
46099
50992
13996
39611
1264
63175
70202
87707
52286
80990
3494
47876
92145
91885
48835
57752
90618
22352
43296
7366
66402
51215
86059
46763
48857
51830
46697
10801
35293
92319
1518
49477
91214
44904
20180
73330
92160
64931
30177
75682
43474
97927
66438
22598
24514
85434
3804
56482
4174
14741
76257
74649
85006
36517
64912
94745
80894
40512
69222
71196
86087
12288
23125
22662
47751
35618
80270
10120
30268
68873
87242
43530
90525
21563
33011
96344
40689
87742
19635
88177
96214
77862
97124
39438
33927
57383
12509
99082
89328
99024
6485
41204
70563
93744
89673
91328
31952
65772
80811
77774
62227
56321
52838
93433
94566
90992
92809
75807
46595
19096
47349
33242
32645
40527
97735
17653
75290
45267
35299
4152
94470
71272
55395
63904
87336
53624
88928
55059
8290
89488
67023
70945
62187
67814
12426
27527
72510
1073
47056
89881
1581
53279
64661
3830
44360
74577
68791
17716
1785
88065
20928
16576
602
97164
63625
40750
630
74054
43621
73253
16916
48983
67837
28179
94463
77245
61890
16496
2364
25752
76172
46454
73985
62926
28888
49384
62840
99544
82707
8723
4488
24926
51048
16451
66033
51324
11852
88058
16883
55347
3399
9990
30561
1390
92710
22237
68268
4903
42268
49023
77960
88669
17645
3121
19959
88259
63037
29561
81346
20017
90551
67851
96465
15123
5247
10555
10151
94184
57312
60253
18928
78548
49145
46855
90755
88772
20049
9608
71090
89745
35659
452
23021
5892
64634
17876
46240
72918
6589
85347
84955
7644
22207
91607
42929
1841
43790
89065
14008
41457
41949
59022
75639
64100
74566
77436
34494
59965
57440
63522
73039
11476
40158
31300
8453
7791
1561
24770
2414
32117
34432
22121
52764
70148
13789
50550
86799
63757
913
34146
74765
59368
66296
5031
2578
22534
90935
33674
60196
15579
27483
80401
17848
4132
94119
7708
35125
12107
18584
85254
32857
90218
52147
72524
77432
22146
84048
55056
25075
16301
58768
15244
86
87939
91350
55780
13198
78051
19742
24028
78588
66499
25132
42578
51502
71380
68564
63900
18596
48070
22077
85861
64807
44772
46788
97402
48083
3587
90279
15300
91087
19132
69047
55652
24892
4098
56679
18027
92957
35330
38683
86909
93383
45690
38900
84595
19581
56128
51945
47575
11465
85056
39967
73036
37754
24252
3436
70386
97999
71443
42812
8229
58472
13707
8053
1324
8196
87113
16203
48727
23931
23345
40007
84519
30597
5506
83728
85477
73861
36867
16356
86455
81903
76000
24605
49590
7401
38964
86273
8398
61724
13648
64972
83724
48240
60724
95259
4920
58749
19582
84687
18980
89009
24044
15916
28643
90636
7843
82257
94608
72042
47936
2273
1659
17521
57734
97187
73698
5922
79403
14856
38602
25946
41133
18031
57304
22738
36825
58298
62632
54603
35003
60836
59303
9773
64242
49783
93751
34966
8505
98893
67339
96723
47437
99133
19829
17165
85679
51878
5917
58114
51360
58949
11052
52736
48955
28545
47147
41101
34755
11164
72348
4159
40751
61220
16825
69413
81950
95830
5770
93265
33437
80906
24860
38894
99179
7812
66724
9689
6535
68112
27299
23070
54322
42280
46912
52108
26917
23319
12175
5821
13752
97484
68557
99387
24681
32682
57634
72424
30909
88792
80087
54715
72264
6674
22277
49245
25492
67856
34333
83448
97924
31419
44177
39600
10013
8860
12270
52195
16853
74115
93113
46661
66032
52802
27856
92949
71664
70813
19269
14400
35219
4852
24965
16435
91574
78178
44573
77659
99349
40949
67719
94880
73789
77024
59350
18794
46829
67952
7751
32549
93600
54331
90256
47446
59298
49467
15783
55174
33491
88577
75034
44377
77853
28261
89844
80597
37099
65855
14093
97938
1198
53697
12414
86068
29838
66965
55225
43908
188
54476
61780
7683
88760
18194
39387
68412
64845
14522
10256
363
9714
67259
74484
22762
93076
57842
28361
3740
43682
93119
40447
5188
3629
69302
96921
72634
20434
65962
62540
71621
34853
41854
67695
72871
90757
44351
25013
80115
98398
88260
10922
57788
37958
93658
58190
75459
85025
59393
1887
85200
53394
37791
37705
5005
71260
31812
40036
65451
57139
94279
30927
85639
29516
18759
38462
62147
35306
35933
4290
22515
79976
41146
30895
57254
42971
99549
60851
24279
28040
78339
34217
65994
15342
82278
11011
22400
46743
3981
73560
15955
88505
34244
33292
70632
22745
48544
41172
22206
12943
88814
61037
29578
88816
36721
1482
31295
67094
21426
22742
33736
55451
63806
97674
91333
30919
91498
42562
56797
63348
17144
95599
30436
44349
68912
12450
6143
48660
63920
474
66437
86931
18286
90067
37840
74511
77069
50492
12926
83503
15630
39662
38665
68788
14146
48201
80417
81366
53397
41040
96776
8209
93881
3789
17611
26665
78055
74554
57011
97997
85375
21159
62569
55470
72605
50408
99680
11179
2337
10758
92545
65799
68167
23576
40915
62763
96711
2389
88401
23196
7739
72591
6090
58323
25624
25065
41572
93618
5016
87875
92390
87752
71136
98952
42593
85860
85968
24819
48642
92577
97722
77042
63740
71887
79128
46363
66722
91578
47909
56714
85541
74808
65401
81645
77313
87351
78902
74303
27155
21699
78736
98865
94304
16748
15859
95118
33274
30803
43157
20917
50804
60485
53687
52604
43408
38156
93394
26547
29551
47635
21169
38916
49602
66210
13041
44697
91238
76230
71739
34098
29041
89265
20733
36477
19299
33752
31561
52999
79033
46858
3349
61482
61802
16699
34470
14381
26015
61695
39364
43574
53107
18262
39837
45421
6576
78274
33080
61474
75512
78575
70846
59991
3326
78385
60787
56142
86311
90646
24056
61234
20594
68917
50146
1766
59609
658
94434
6446
94321
63134
19675
3891
75611
787
65648
95721
42602
1932
83467
97649
98947
3053
2058
79878
89363
97392
93740
616
15909
66267
23579
39441
37284
37902
15588
78177
62
81020
68656
58963
81754
66730
77993
24513
12949
56831
17125
31851
21139
55566
4622
38496
50889
33066
62337
2680
90368
11457
23796
32026
9958
46054
94217
37753
67447
18762
39217
28389
46607
65189
98042
1130
33712
93219
43532
33623
76357
55756
19259
96888
75219
89173
6715
75770
38756
31316
87115
62131
56748
76683
41994
49212
89084
1420
27362
64844
42438
36650
15
94164
99917
43614
68958
40199
55544
89584
77189
41624
84403
65363
35778
72204
22397
13276
56493
63753
11145
2331
46623
80670
43740
54567
57975
82423
93693
99519
94568
86102
24255
534
91959
91719
64080
36740
68742
87912
17775
41558
51690
89838
59280
15108
33361
33354
46864
44357
81390
49885
10493
70873
32901
77870
41681
28493
19226
71415
67425
10192
59888
61393
96549
25579
43337
62751
43400
68400
8943
17472
427
94128
15654
9336
8940
7783
2300
70619
73188
78292
56731
62875
24126
5575
68183
91470
72143
9011
27899
39432
43882
85178
33068
74842
9028
26114
15825
38449
83332
88756
26051
98797
46154
61021
72454
94386
53168
52577
51213
74323
33407
7688
81336
25655
84518
47504
10104
12440
47382
70087
22087
64311
85633
52402
60369
20722
92799
55769
31950
95758
83177
51454
15434
26470
75952
37074
46229
78958
27896
39162
27138
96872
19229
94202
34576
83673
39104
11453
54536
91606
87408
99405
28395
66148
54642
86073
86395
3452
45974
62233
29671
66634
84129
44979
60288
45029
43439
75227
15198
25373
58047
80978
75782
15820
60012
1009
55608
77867
62559
46706
52512
74802
52357
60940
78582
22934
93167
22351
89611
93688
63181
99604
21367
24975
35882
38509
83067
66902
285
46350
4058
73761
24031
59709
33825
52716
71244
41826
37892
78472
79207
63608
61656
48800
30914
17178
47514
78622
56732
49077
76768
45979
24626
63513
97388
25883
89620
86017
98595
78413
52798
74597
64175
55484
18880
3573
62537
49085
12462
65904
97838
59329
66689
39031
13408
16744
94136
6194
2162
48007
99698
20253
19190
20616
86667
73945
67678
98907
56381
12944
57345
65518
20935
45465
45602
45037
91482
4231
53974
15080
58753
15862
86820
79925
93272
51994
61669
1969
37774
62062
25226
7997
1196
5120
58921
8200
14882
40059
64364
15751
13097
39918
68949
70530
9353
38483
24826
12802
3548
80543
31063
65145
42597
74320
47385
79735
52855
80321
9382
22024
10096
81796
90194
80711
10156
9742
62785
31332
27727
88415
4173
23755
35806
81795
34638
70967
56758
98469
37956
27220
39320
46015
60556
63763
96788
35435
25251
4308
72855
5585
31026
68429
73263
97069
4274
89105
25311
31825
40058
31785
93471
34232
95759
65311
88228
99051
73520
79875
17016
49815
77491
61257
62318
90892
98854
20852
26716
65767
64140
43321
26510
26395
58591
80984
55965
19854
11783
74070
24762
73692
49419
62594
67148
16819
22137
1003
5357
87661
18366
41542
72737
6227
27648
25894
39355
37521
13449
91351
51033
93292
5625
78583
2254
73988
70012
23338
71067
17933
36009
24412
42167
92743
6828
32194
16540
22731
60048
57684
3769
83174
40630
88049
3899
38619
89019
65303
75415
64127
57362
53907
39296
31610
49326
81746
77997
73117
97257
79324
50453
79966
13819
26020
73086
27703
2722
83964
91802
48984
74321
51691
56046
48650
98175
74697
3126
92336
63209
11287
70879
74841
57
83251
36057
47762
7210
21796
19254
42126
82659
7295
52765
84554
31563
24815
93629
48871
91861
2694
88089
32443
73050
45369
50642
78964
91990
60107
27933
98376
66663
12892
27992
57414
67745
18581
27107
53533
17017
29420
62567
55632
2890
37933
58896
20269
85558
35263
32844
88128
61149
35085
28712
35704
5619
1315
23756
37800
31867
45702
80039
96720
6973
65429
76681
82120
41112
63176
97771
94392
89775
31076
54717
1147
99884
50208
24637
38300
64621
76122
78371
96969
41574
43454
88932
62048
68393
49322
17803
33671
93572
78526
5479
90668
29448
81923
56424
80142
3716
53834
92595
9879
74471
69163
42822
39863
13107
87663
95497
91506
36183
68836
92386
69421
70874
45388
47381
64164
37044
57417
1531
28614
59434
63663
4796
9
34104
85535
15919
31082
86025
55621
81475
56383
51518
89777
91036
27144
79774
29328
64953
71563
36670
74951
79161
51424
82939
93966
61145
90244
6559
93995
87509
84530
79704
31046
51236
52053
27040
11373
53632
39430
26066
98639
32996
13582
96910
51394
46884
19984
30861
13739
34336
9677
21455
39718
22886
9915
33194
45046
28639
67248
80709
79795
46437
6366
30355
42211
17120
37795
67065
23569
80605
9904
184
70121
56440
54693
18381
18662
18479
47934
5590
26231
17609
86528
26313
53696
83293
62891
5137
8578
2194
33968
55291
90756
77741
1170
65573
51066
76904
14216
47898
28181
68003
14529
49748
44850
12318
80428
78797
73976
39726
19265
79748
19194
70705
38559
7187
37518
82019
16575
99145
60535
61527
79058
16336
16332
49621
22511
35574
46202
68459
9581
22519
92332
33758
76368
5032
33463
67393
1637
83870
32364
28915
53412
1497
74189
56752
39517
86360
56899
45859
48277
66813
98529
70331
99335
90424
50653
3120
89700
47085
66772
57672
22266
21799
73541
51387
67041
15604
72864
70310
37352
93387
31718
79411
96848
95086
42286
8010
52690
92289
18093
71135
75078
3849
72289
90824
86271
81943
95391
71848
49658
97317
45230
24398
8845
94763
99408
6630
10466
78560
99118
36785
35535
71068
67265
68624
77293
3551
18750
42066
44592
77969
56825
79092
34536
55598
13359
85862
28853
76345
50256
38794
2124
93175
87218
87277
12624
57636
92850
43690
21672
88384
73187
28292
78372
22261
59815
8955
44908
86901
27396
57337
65293
52001
86242
5933
53174
58800
94874
86927
26597
44913
76596
30602
75957
66471
91028
66356
14875
21431
1119
99226
23849
68613
27031
90371
56726
12018
54269
79709
95038
7645
60031
54295
80744
36157
75582
93044
77327
17979
61116
72000
2930
69592
36414
22372
41232
4081
96459
23774
80234
50635
53254
45469
66107
38454
63726
65866
82072
6907
63343
31614
26465
58484
67135
79788
47405
82495
30608
78656
56539
36819
12558
21224
50290
79243
84679
90586
75051
19484
93060
65550
34165
91756
30322
19935
27582
5177
80841
88486
3725
34585
40907
59089
57691
36464
52019
77014
92111
64486
66242
30344
3151
29183
4766
31862
30988
3856
59476
2941
48842
22914
7722
89604
74611
64315
94939
20864
44203
83069
48249
84978
43483
48382
87328
53881
78360
16956
64894
83483
41909
48229
41796
31476
79535
81056
9696
52249
40648
57506
73810
72863
33220
95382
79099
96990
19412
15525
66047
83207
92654
67535
16631
38573
49346
28919
28360
43624
65488
44946
68189
75687
87897
72399
55085
51957
14693
4793
59205
97603
96424
59472
87776
2505
94686
75813
76823
88869
94631
85214
90579
82209
17590
11309
7205
45130
44455
20802
66515
76956
15994
9588
36164
48474
58286
9540
75252
50727
76154
28862
58400
5385
67901
10115
98740
33435
3324
56035
80447
39650
68225
98056
91652
64095
80548
11014
63374
51197
91340
72566
83213
69980
61252
13754
74928
36836
29250
94941
60854
74656
52535
32192
62024
73787
7032
4908
19838
17344
88141
93862
48894
78281
68934
27846
60173
67380
52691
5147
48947
7446
8972
88986
14138
11387
75303
92491
41060
2490
87479
92328
30695
78789
32668
4023
14540
69915
37504
8953
63053
20689
23818
29139
89007
64425
26903
753
96971
8108
2199
70506
60665
61950
83531
3566
2030
46566
94756
35804
34683
73741
89067
53826
83202
53931
55306
8774
83674
34095
99561
4016
46171
40114
69839
43927
82898
14086
65785
32222
60241
60236
11464
11399
17661
69503
34531
60894
29837
87407
12757
5168
76204
60882
75594
20520
24214
73974
71550
81638
41268
59436
37432
98137
920
22479
46583
3211
46094
52430
81896
67741
67653
42153
61262
31682
62662
17140
25845
17317
26321
50829
39143
63393
15116
8821
29622
72429
46713
98857
97613
52790
55120
16995
61569
87677
9576
51786
46613
52112
25577
58682
37240
91882
35950
29527
35925
7720
52140
41507
63542
37243
13085
23163
90320
1505
66535
33317
22376
64237
27768
5019
29419
58533
38048
11397
37658
69881
88590
33851
78584
36707
98625
47124
84640
4189
81305
73492
85308
75994
89224
51392
81092
97578
68696
62670
97385
34668
23025
75112
92436
86867
45219
65956
52061
49055
13514
34997
75792
84626
19564
65296
52319
31577
126
94679
4949
95785
87386
91198
42239
96797
17053
33689
66844
66520
12782
26760
74251
46644
96932
41158
80733
63480
50276
17901
90010
96298
47099
97974
97409
24453
85501
85436
85431
51226
68117
24292
18674
49629
72165
72711
63420
9137
52041
41894
98134
67386
70780
50853
50964
37702
36178
18407
95621
8755
5678
47266
36286
18522
64249
6751
98395
93864
21754
44512
14761
76581
64965
80014
88157
21947
78175
45191
91901
58363
89747
37247
14286
2093
73464
76220
50629
8679
58804
85629
47319
25099
35246
16218
40619
77718
40039
23896
75508
93548
32281
67919
8329
76475
1120
61942
92219
59109
3489
74364
95536
94855
90625
16290
28830
99207
85145
70415
24656
96568
98107
47279
86488
76100
25453
17188
17950
89642
84157
76255
13113
83635
59913
42094
37395
92372
18129
25759
75097
8794
57769
52674
20303
50971
2238
31341
27893
59184
51331
61578
85668
55751
17536
79805
12695
98528
73311
84014
2834
10731
33004
80691
37438
76652
1286
50105
99003
19011
90770
87186
65291
59859
5451
94491
5810
86881
59312
2514
16920
29261
41375
38975
39065
7941
88621
81464
56223
51144
61126
69891
30784
12163
3507
75972
96201
27851
33017
76947
74912
14633
83285
90381
65651
82417
89264
11233
88294
77047
8464
55452
84421
56113
69015
88167
72421
42363
24838
15523
19408
78305
64564
61711
3535
32690
14024
81854
53694
83646
91191
55619
51944
9805
16062
48194
32512
23794
2326
72393
94249
19112
55774
74455
75588
81086
73318
52245
55323
10513
22186
29775
61316
32347
88290
89641
97881
31827
91707
89997
24259
15006
80408
65224
15704
39813
16458
60200
26081
72824
38333
70517
30553
8404
24143
96345
48037
20039
47966
85057
24863
61267
35332
48935
45831
57809
984
73226
38538
22093
93625
4352
72410
74761
92039
24635
53548
59042
23913
54589
55241
3527
53618
31890
46366
22576
45258
67635
9290
83343
14639
59492
63811
8793
80179
90334
89788
58006
10548
16157
15166
25046
62848
87433
43346
96862
88579
33357
1777
18950
14233
996
10892
14406
69305
55736
87435
43199
36137
18495
65611
24134
36960
12812
57876
24389
82748
6412
36791
13454
60296
51642
91390
31595
94789
76385
23526
2437
29662
13740
77480
18028
32651
92880
38302
96733
45673
90253
44756
36593
71503
42514
20531
4299
18273
70346
58574
23581
15333
72685
48675
35236
39274
86042
20850
45573
77828
33410
93450
42780
60896
45874
63160
83330
36473
23716
70676
49612
47706
48802
63834
6741
77305
25812
58499
14996
72498
47656
25078
54687
67509
25494
18909
60020
29935
90052
48651
48204
45325
47605
76423
38876
94561
56208
87503
35942
84468
41282
30994
42095
85815
63006
93042
48698
41218
18848
74915
45276
53232
32022
12397
6682
67459
72422
32355
43253
22069
42198
35831
47214
17519
96234
66421
3787
96385
73623
13805
47281
41710
6514
57368
22333
90953
33745
56228
6399
49066
71062
10326
18311
43043
26084
26028
4833
84562
64665
4795
9378
76001
88662
16334
71284
22622
15237
20026
26424
85852
97021
4009
7433
97302
14706
62557
714
45247
1519
87816
88142
99593
92230
26519
10525
44146
25972
54289
71865
56639
23513
1097
58840
71622
74075
65058
53442
21599
40212
4616
10638
67090
39840
89417
67836
85322
76804
32529
7423
24534
48109
12574
64312
10794
4619
49798
26764
86962
55631
45456
68894
56689
3749
95342
44005
25321
23091
36263
50530
73119
27524
71978
57046
1005
75841
20550
6873
26505
90474
46509
7995
11431
67109
91068
38563
37366
12400
31802
34919
48100
73849
85133
68684
23195
78496
41157
20715
70362
44099
34680
28690
24363
56673
49795
22384
13230
81201
93123
90340
23487
73018
42243
89736
54260
86903
26284
59140
36745
79228
40286
84358
43180
44495
80596
26512
52776
35785
95514
21425
95525
20633
10482
52775
29345
66561
42207
38871
57627
49227
4055
48171
14533
4547
16547
75130
99085
47590
58815
48668
45716
69597
76025
56953
17943
982
91532
97490
54341
15033
62297
11874
23362
38098
71944
67377
27287
26457
1928
67462
42522
19869
94774
13768
31967
75836
60376
37696
31720
42458
52635
11306
86265
26899
89876
67605
2294
3517
37324
91700
44643
2412
63138
27198
66641
12430
6180
62844
22741
60319
37036
18453
61466
5091
13666
23696
15731
60
19515
17145
80088
68045
54908
97382
4331
64060
91110
10624
7341
94647
24559
49167
64630
87389
24003
74112
49150
95903
24987
78750
38208
18989
99692
15348
92509
25187
36916
97129
30950
92185
56942
3919
72784
54163
72322
21258
58789
64620
88740
99689
76500
20683
11097
57706
84493
22713
46283
23087
38136
76191
47324
19631
23713
37350
1506
30336
38938
98338
52033
94626
11103
17734
33517
13430
92267
50780
26255
72797
36446
62890
34803
51842
62432
15367
11377
58322
89466
65987
50333
44532
95210
94749
94725
15371
74024
3145
81818
15148
46141
62270
10110
7999
17692
72380
92330
71946
89840
82456
26642
68812
50884
75037
27476
80144
25167
2262
91930
98960
67925
54405
82712
44188
92882
9321
24508
87206
25037
75607
85370
54401
66408
54218
52815
91956
39893
5433
16447
47197
4523
52847
65755
51895
20987
97621
88519
29461
38214
46688
28617
81925
27291
9256
85314
27312
47737
72354
23312
74836
44073
74360
78128
38390
91786
17766
32027
73854
24693
17515
15277
13703
12447
7211
23032
87879
89828
6962
21533
1456
94737
41224
65117
39642
25781
91509
14442
5944
86357
16536
67716
44668
27793
68266
93112
81963
80010
10620
58560
51757
68805
2539
67758
17899
81117
60558
72843
22617
51822
94000
58246
5460
56969
50956
61044
87103
80629
66231
26628
7627
13376
88970
38113
51964
51973
29169
98845
61764
43818
35474
93243
55207
68973
25999
75442
25493
29783
83542
39965
59237
447
73729
83339
50457
11681
47519
42370
11806
78393
8733
44691
10818
45172
96507
53967
59696
46664
44296
10230
59025
80305
98937
99313
82398
68664
27557
13294
6837
35440
75559
59028
76198
72195
48433
51761
81737
25148
49127
1493
32246
96675
49406
30445
82538
76968
27158
62374
1113
98725
62825
34641
95748
71652
46076
71486
70089
65741
99757
10755
16694
73727
16841
41877
50515
67547
76048
31984
5295
32126
63612
87166
14337
51753
51526
46269
2610
85337
16551
28967
8459
36899
39969
35362
18330
89962
16756
12037
97551
36964
50410
51399
6560
7566
41341
91605
49913
33192
18802
98465
8504
8113
10967
69200
23887
18944
29682
3973
94173
11887
74132
89199
4673
26354
87841
58152
90798
44246
41952
61819
89707
93314
14161
73349
14036
56203
80649
41449
58806
13684
52405
27585
28529
48906
29937
48040
91139
50902
1251
77532
93234
66532
26144
37132
37193
95563
49147
92664
6949
81634
54710
19393
54361
66733
21544
91651
43146
24761
88715
29801
96684
5441
24475
51688
67441
88003
78835
6872
5896
74337
94017
66024
38821
539
99557
13458
34133
11157
62482
93256
78414
63476
68489
78011
26458
63293
24324
19239
43798
60515
77169
11395
88856
2053
24473
58898
47391
37024
98184
14037
58195
61377
43591
92107
38627
15397
30075
2509
25478
19697
59909
13072
12239
13406
46708
10299
35239
94801
29059
50108
75073
38988
29899
23788
21467
35818
66767
68778
41062
49088
77663
51659
56286
7248
68249
34471
89245
57286
11559
13389
92860
12367
95504
95336
54124
97814
48945
74290
8049
69558
2111
74339
32962
98340
40461
87850
50690
68174
2800
2881
10082
56120
40233
14906
34109
92532
93973
55866
30339
47178
24023
45245
40164
58626
9042
74010
75374
62289
99512
12905
6955
57689
23180
87998
81306
91372
10296
85966
864
61289
75805
78473
44030
5226
87373
73105
48900
15363
80972
31029
24833
6563
3942
47076
69702
11571
9839
62810
9776
65230
95760
59372
85979
99087
15529
27212
58860
66583
56079
27373
59334
61056
94168
61989
89837
43419
9741
60061
5826
18545
62967
33124
1341
21646
30134
77755
90592
54558
80099
55365
62395
18142
67144
92872
19661
72074
37731
4989
79659
21108
67174
28711
79689
48092
22287
53983
792
44739
27872
91156
95906
70496
44088
38057
47464
59016
16917
51863
4155
99321
39270
87688
88140
94112
97019
41307
28784
59924
889
9218
20791
24688
84203
82444
79300
7283
37232
42709
54781
12028
28804
47753
21403
82675
82152
75197
53447
91799
56257
35145
44233
4689
50824
33983
87543
6642
96046
95954
95543
81071
41236
40259
8277
56876
34665
47541
38656
21206
28405
28505
21538
50482
26555
16121
80505
37826
13432
89654
20193
17273
30976
53570
17003
99734
30569
92869
9736
21076
31583
90260
90570
61202
48351
76129
21945
40377
87387
90221
13798
56449
23126
95247
71391
29084
76531
92431
71659
237
19324
85250
74949
15696
44598
37829
17989
32157
434
20234
58073
70758
57014
85094
53178
82091
70095
78226
11729
62962
75686
292
25791
36974
66022
83292
73655
99563
1288
23030
7593
67407
44051
4239
33944
39699
99799
74239
52616
41611
60623
85411
62691
61004
75831
90783
26201
16926
9927
31066
85135
24960
45054
30552
91492
71425
23129
37084
53299
96588
3872
68768
28964
13734
58305
6434
61959
50194
43132
35100
98987
9901
13217
66233
68705
52859
16131
16511
78329
1904
94368
52201
27593
12610
83773
29102
73408
93765
66717
32772
56908
17756
82839
72869
69147
66392
79040
88207
27236
8908
62918
13790
26401
31077
85990
7428
80582
20463
59714
29685
61136
36944
6659
27714
22883
71487
29125
85653
20972
38418
50536
12839
40573
9603
81539
994
7565
38251
85189
56282
33405
21819
95889
73301
11263
37740
85591
3274
67314
78264
65228
56369
36360
10546
89879
32887
78266
66017
79831
15858
82226
63808
15442
76243
54034
31739
65071
50645
90781
38944
45262
85035
84931
79848
17336
4557
89426
30318
40235
93519
93508
31615
24446
35499
36978
75022
94154
98521
82473
31147
91426
15048
27656
72516
58476
68587
57559
53460
43348
38119
13420
13964
74304
39561
21773
84682
56974
1150
21812
81399
63675
74837
81037
11413
55511
5061
1044
98630
47922
88437
78075
45766
58067
68435
88960
80574
41864
89737
63981
8145
56174
21977
27479
19766
24140
27903
92969
40826
31410
46361
61637
81202
14846
81651
26571
16351
31985
96167
77648
95988
94899
34307
58622
79111
1197
83866
20329
71570
62545
86640
84510
60058
93883
56773
94134
79274
15973
67937
97862
49003
65612
88031
85838
55447
27374
27003
91240
21885
91075
22303
45658
88241
83281
2513
93722
72034
26342
37904
15765
760
19777
21300
80519
64347
87104
13062
4569
88904
3892
97623
17041
65450
60683
67647
95107
53925
80413
76790
34020
91245
55402
90927
18241
11724
10412
3993
9522
80583
47307
46924
86586
32072
3303
35277
62359
89130
85728
43058
18745
1878
29554
56033
13416
70721
76160
32819
84121
19527
33926
72604
18089
66639
5671
85708
31253
68357
84283
57820
50394
29594
25395
34013
51929
26626
75349
85113
58988
10333
87580
46627
25574
52240
68789
51724
51149
57409
37917
29623
24096
72462
85151
49455
85694
43174
11697
82906
44702
65211
21149
21576
383
95312
82476
75766
84356
94040
93799
8348
84723
22812
10709
34072
47940
86100
63333
42048
13000
13904
96520
65059
93992
86178
11378
91895
37686
64453
13907
3732
71663
94835
93735
33595
21361
85648
37091
96650
22902
59685
89382
28487
57898
31480
90142
88454
90289
35207
91404
15722
45843
6762
84023
62153
50868
99649
42237
52611
82825
73664
23177
49970
10418
20469
23083
97192
52116
88125
24594
63710
92019
82668
17467
56667
22135
40222
13450
42264
86553
28594
97811
82411
31904
71857
26094
97803
54724
17778
75626
22866
24434
15172
30421
77749
77397
57288
84563
84983
39597
59229
4895
75975
15297
86485
75554
50450
88465
69539
90019
34350
50171
24435
75291
24187
35026
17571
84
74206
94451
93614
47565
69443
28757
1447
67410
22683
24751
73255
61498
6266
22123
84458
74243
60149
47829
11958
43175
54010
3713
23169
73812
71054
32597
44327
87573
19603
57010
55459
27145
98274
78912
18219
93760
60136
76518
96030
95713
18387
99992
35353
79458
91118
77837
14068
9187
46967
75180
84245
15652
23461
75734
68059
58451
15766
77143
26368
71495
40465
12830
88889
95437
12196
18321
63497
43373
8202
4235
76108
5608
40843
11751
99566
90004
51548
10219
77449
64517
68877
27222
77833
24583
61761
30437
89038
37416
57460
79118
92958
17605
36418
2703
85426
41731
70889
63865
26889
45058
78915
2404
47276
43240
12221
29039
99747
1877
29107
60968
73326
37431
36957
48170
4820
88785
70085
90180
74495
9878
6172
87109
93461
50563
7418
44761
97542
39366
2447
26277
17565
9306
71140
33348
17255
53604
12876
93673
85614
49764
87995
61495
36461
25416
12975
23437
17359
87167
28202
45800
79100
50241
8517
2076
45610
61757
74008
80846
11817
91781
14250
11312
35665
82096
82641
48609
74071
601
41951
96795
29439
44666
44982
84984
37628
42998
79956
48465
60898
85305
57913
35889
85675
80290
54964
26452
49588
13690
27315
23346
18867
30957
4994
80363
43024
62302
43409
97032
89148
69569
68561
15839
10528
3423
6550
45157
48518
