0
1
2
3
4
5
6
7
8
19
13
9
11
31
89
21
29
136
34
35
41
81
42
58
46
87
18
47
22
54
12
50
138
27
52
143
14
63
64
77
191
94
98
172
30
99
134
103
228
16
106
181
107
140
17
110
28
10
23
112
116
200
126
15
173
131
259
39
24
269
37
49
56
59
38
148
67
289
152
25
71
20
26
155
219
162
72
190
290
163
165
307
74
235
32
33
194
196
36
206
327
170
198
258
205
216
350
80
264
85
217
359
404
92
221
447
101
40
43
209
44
45
48
51
108
135
232
65
317
210
481
139
213
151
53
501
169
234
55
68
508
62
57
237
246
239
382
75
96
243
104
244
82
83
245
60
61
188
531
250
253
86
607
121
260
127
90
97
321
266
66
639
268
512
271
699
70
716
273
69
73
76
78
79
91
113
84
122
719
298
117
720
125
88
142
301
365
179
115
195
93
313
302
118
391
309
962
311
553
111
316
144
145
371
150
376
240
123
470
319
573
129
388
130
132
322
378
992
263
331
95
153
278
154
338
133
303
490
100
137
454
347
521
358
544
366
373
147
354
156
164
102
105
171
578
166
377
370
379
175
176
167
141
582
380
109
160
390
393
385
399
401
408
411
214
207
427
231
187
149
412
421
414
420
277
593
180
114
530
193
201
422
119
270
433
225
437
458
438
441
174
199
215
295
429
443
606
120
448
227
619
222
449
535
455
586
457
461
463
296
255
159
305
184
467
489
469
476
310
204
477
665
482
285
486
598
494
500
615
336
504
124
128
510
330
339
525
146
157
223
516
229
523
537
158
257
541
161
281
230
545
342
168
293
551
546
695
189
559
524
249
561
592
177
212
576
616
178
182
624
348
577
183
314
518
594
590
233
364
185
591
702
717
603
424
540
340
611
734
613
186
628
631
743
542
579
580
641
272
654
671
657
660
202
286
324
668
749
583
440
349
478
356
672
673
784
805
676
701
585
495
677
704
602
679
680
236
688
694
707
803
711
256
242
389
712
945
715
829
722
552
287
651
728
977
192
394
731
851
397
739
288
758
197
203
208
333
297
211
787
762
862
713
765
299
218
759
776
220
783
778
886
400
251
792
587
794
785
597
797
406
409
808
786
224
410
798
920
640
300
267
403
806
308
413
430
226
810
927
238
241
247
248
812
814
252
431
254
816
818
800
820
823
678
835
834
848
323
850
841
854
261
274
329
981
861
435
262
345
863
996
265
444
367
396
864
275
453
870
867
825
868
876
878
276
880
879
905
465
725
885
282
890
782
900
896
473
907
909
918
921
929
407
291
930
507
936
924
897
937
279
312
280
536
939
572
304
933
946
614
947
957
471
795
283
483
952
415
284
418
419
953
630
320
960
948
949
964
967
970
292
446
973
846
974
475
985
484
982
988
916
871
485
326
445
355
351
362
363
318
294
873
487
315
931
325
368
652
663
496
372
383
669
509
687
529
306
328
538
696
335
387
425
341
343
332
730
752
398
781
549
