0
1
2
3
4
5
6
7
14
48
12
18
9
16
63
75
19
57
23
40
203
25
84
214
15
90
10
22
31
109
24
45
221
27
250
28
30
108
34
29
43
119
256
47
266
50
58
60
298
8
66
91
70
136
168
76
174
86
41
13
92
177
299
93
175
94
32
99
33
304
106
35
111
11
17
204
36
68
42
212
120
103
128
216
139
110
121
20
38
44
384
142
147
123
21
152
149
95
390
164
112
46
405
49
71
436
51
143
167
259
173
134
73
469
184
209
192
130
193
245
195
248
207
268
138
153
218
281
53
61
64
316
222
67
78
26
85
196
529
224
269
37
39
282
568
226
52
54
87
571
227
89
336
234
159
238
59
240
186
253
199
55
290
255
342
56
62
101
191
260
333
126
388
211
213
97
283
72
88
140
65
135
98
293
141
69
635
219
300
201
309
215
104
315
731
74
233
239
326
762
319
506
105
151
796
329
392
332
77
243
79
160
81
339
805
82
171
340
357
346
612
351
198
254
100
807
352
354
634
356
200
80
360
363
362
372
258
399
165
373
83
263
812
374
396
272
828
96
170
383
102
972
276
385
670
262
387
285
391
393
107
113
114
217
117
124
127
394
407
408
264
414
115
116
118
122
125
129
413
131
146
157
132
133
137
301
144
415
145
417
420
1058
292
280
148
314
161
150
686
422
154
1105
423
156
178
429
294
323
687
155
430
431
433
447
695
434
490
296
437
335
1280
438
365
246
1298
443
400
450
158
501
452
497
458
162
473
479
303
343
163
169
516
502
210
166
172
176
179
180
181
182
518
183
530
389
510
1357
185
441
514
1438
444
520
187
188
189
190
194
223
349
534
544
523
442
229
539
197
547
398
1468
551
1508
206
557
306
470
561
570
487
1517
577
645
580
582
202
205
409
208
220
427
225
228
230
231
317
232
735
586
235
508
236
494
589
237
241
511
1522
599
613
737
242
615
603
512
619
244
622
1557
257
247
1562
621
625
628
522
631
667
637
249
251
585
639
749
652
540
265
593
653
252
321
623
324
545
261
654
655
662
267
679
270
550
663
274
1716
273
668
711
671
743
607
271
638
1762
275
1776
277
278
783
284
1812
689
1916
279
286
756
693
717
696
788
712
789
657
289
766
713
674
691
287
775
738
819
701
338
741
744
747
288
716
769
312
770
799
800
291
295
297
1920
313
802
721
344
302
305
818
318
804
723
347
320
806
813
829
463
307
308
837
404
325
843
465
836
865
310
844
866
850
870
808
868
311
1929
871
327
821
330
322
872
328
345
873
538
879
334
353
823
558
884
885
331
337
381
888
457
891
895
814
341
898
894
903
348
904
1948
377
425
1996
906
932
355
910
361
366
455
2065
480
367
940
500
913
2101
917
2104
368
350
358
359
998
370
993
922
2161
513
364
1007
369
371
2222
933
949
466
955
957
967
397
537
964
2232
750
482
485
912
375
488
969
704
376
919
842
975
983
1009
378
990
1043
491
614
382
379
754
507
380
401
2243
994
402
845
386
395
403
772
999
1000
406
432
810
528
410
411
1003
1020
421
416
1011
1078
1018
1028
2265
412
822
1024
1104
859
418
1026
446
877
838
1050
419
1062
886
1025
1036
1051
451
1139
1061
424
2331
1068
1071
1133
453
944
1074
435
1076
847
1083
1091
938
535
939
629
1092
1094
426
428
439
440
445
448
1154
462
2382
1096
1160
1098
449
454
1107
1114
1119
459
2387
1123
1136
849
1132
2408
966
1141
851
464
456
460
461
984
965
1146
1131
467
1167
986
1168
1035
1170
2467
554
1085
1175
468
583
592
827
1179
1181
605
1183
1193
889
633
1196
863
471
472
1194
1277
1205
905
1211
474
475
1214
476
477
478
481
1206
1216
1049
483
489
493
1340
1225
920
1229
1227
1230
1208
1232
2523
495
1278
1233
1381
1240
632
927
1222
1055
941
1242
1320
1250
1254
1064
1255
642
496
1264
484
498
1403
1268
1285
2598
661
945
1272
666
997
1279
504
1335
1288
1359
499
1289
1312
486
492
503
505
509
525
517
515
519
527
1309
531
1390
1311
1281
1317
1404
521
533
2611
543
1318
1445
524
1448
548
1297
1324
536
1497
690
546
1500
549
1310
1327
1364
526
532
541
542
552
553
555
560
2623
1338
692
1343
1437
1346
556
563
1471
1351
559
564
567
1352
1331
1370
1354
566
2659
1356
1503
1358
1380
569
2662
572
1033
1371
562
565
573
1073
1374
575
574
576
578
579
952
581
1383
1516
588
1420
1377
2697
1386
1339
1387
1399
1401
584
587
980
1402
736
1407
1482
590
591
1586
594
755
1414
596
600
1596
1100
602
617
2705
1422
1490
1434
604
1443
1015
1446
1152
597
1372
1447
1505
1455
1461
606
608
595
598
1469
601
1477
1645
1475
1479
1156
609
636
1190
1245
1481
1506
1487
610
611
1492
1044
640
1650
616
1545
646
1514
618
1525
2743
1526
1546
647
1304
1533
1654
1534
1541
620
648
2798
1548
1556
627
2815
1559
1560
1563
1567
700
1568
1601
651
656
1330
624
1570
626
660
1053
703
1599
664
1620
1054
1587
1648
1571
1576
630
1069
1577
641
1661
1385
1584
1593
1665
2853
1598
643
644
1212
1600
1295
1602
669
2860
1605
650
672
1607
1666
1623
649
1627
1630
1341
658
678
857
1633
1307
680
1638
1643
659
722
677
681
1672
682
706
1655
694
1333
1416
1425
673
1669
878
732
1709
740
1687
702
2896
708
1676
684
1444
1684
714
1690
665
675
1695
676
683
1460
892
1697
1701
727
1712
724
907
1714
1721
1723
685
698
1527
1726
1729
763
705
1733
2898
729
1738
1739
1775
1745
794
1746
2904
1747
1748
1759
1753
2981
1767
1833
1485
1768
688
697
699
707
742
1496
1769
1535
709
1632
1792
710
719
753
1777
715
765
1778
1799
1801
1811
1804
1839
718
970
1806
1840
1813
720
1814
725
778
1077
1820
1095
1826
1805
726
1810
1835
1836
1507
