0
1
2
3
4
6
7
5
11
12
14
15
20
22
25
24
13
26
27
36
42
28
16
17
21
57
85
94
65
96
34
30
35
101
112
124
74
38
48
31
138
77
157
50
18
39
41
32
54
44
45
83
169
46
8
51
19
63
55
56
60
185
222
262
89
71
40
64
66
29
91
275
283
103
288
9
75
68
315
317
43
86
33
343
145
351
10
69
82
180
410
23
37
72
449
47
93
78
98
52
102
79
210
108
49
482
114
58
496
237
526
270
59
540
272
605
301
95
624
316
639
328
100
80
87
81
53
90
666
70
61
62
104
67
125
84
675
377
677
384
73
105
727
397
76
88
110
406
731
408
735
92
736
128
97
111
743
753
437
764
131
121
129
445
130
147
107
176
132
133
783
119
120
161
461
194
795
472
164
134
142
99
504
165
136
527
811
173
137
209
528
841
126
229
234
139
149
127
240
106
867
248
109
146
877
535
539
892
557
113
183
151
154
163
158
177
141
251
908
160
912
178
561
162
913
143
115
168
172
170
257
179
116
181
186
187
117
188
118
122
190
202
189
306
193
196
926
568
949
201
203
976
984
123
1000
195
333
197
346
135
1019
150
140
207
1066
144
579
1067
373
208
581
1069
1088
228
224
148
152
303
199
200
374
212
414
583
156
216
416
587
1097
153
155
159
307
219
419
166
167
171
174
1122
1170
1175
615
1177
220
175
230
233
422
1179
192
238
182
184
204
239
427
242
246
621
259
191
313
244
261
1184
198
487
637
1194
643
205
263
264
213
498
503
250
545
252
686
206
211
265
267
280
214
215
1197
271
688
255
553
277
696
256
569
273
594
276
596
285
286
217
359
597
609
284
287
289
218
292
310
294
221
226
619
295
296
297
298
299
300
305
223
308
225
311
708
1200
322
325
232
625
304
626
227
326
1214
236
627
327
334
254
318
332
337
338
231
235
1215
245
676
680
241
243
1222
711
339
341
247
358
681
342
344
348
719
1225
249
361
362
746
266
682
683
345
347
350
699
365
1231
253
258
260
268
366
367
352
368
269
274
278
355
701
370
1235
279
372
320
375
1239
713
378
747
302
714
281
282
380
740
357
748
381
369
290
386
291
387
1247
757
1254
293
1264
309
312
371
751
376
769
803
1281
314
391
319
1305
321
385
323
393
395
822
781
396
400
1311
349
324
329
401
1314
887
1342
890
330
331
903
1348
335
415
403
424
1352
412
336
792
340
413
800
402
418
909
354
818
423
1357
823
356
832
407
842
428
910
1362
911
1363
922
855
353
360
363
364
868
426
379
382
383
430
388
924
389
390
447
870
429
392
448
398
431
432
457
934
490
438
440
394
442
1364
439
443
452
404
453
456
399
405
464
459
981
1394
460
463
1022
409
411
470
1426
1031
1431
896
927
467
471
473
476
492
483
484
441
485
486
417
420
506
1437
479
955
480
421
425
1033
1440
1043
1441
