0
1
2
3
4
5
6
7
8
10
9
11
14
16
17
40
13
39
29
15
41
22
47
50
53
23
48
84
21
107
26
60
30
27
131
31
65
132
74
78
12
75
143
82
54
61
87
18
89
36
90
97
169
103
209
111
42
20
119
49
120
123
128
147
63
130
19
156
35
45
24
136
57
32
253
151
158
92
152
255
155
229
322
44
96
144
25
80
163
376
164
28
33
170
378
172
34
37
43
173
175
235
133
183
186
38
46
51
149
190
232
203
52
222
55
244
56
414
83
88
58
245
417
257
59
174
62
206
260
261
307
64
262
311
70
263
227
72
276
456
272
302
465
277
95
470
281
67
81
94
514
286
314
102
341
122
106
71
73
66
299
294
112
325
297
68
69
138
242
298
398
118
140
79
301
270
304
76
310
141
542
320
287
321
77
343
85
145
153
237
332
352
546
157
161
430
336
438
349
356
365
375
86
124
394
397
638
274
91
93
165
98
178
427
396
139
401
412
179
101
648
418
181
99
424
278
419
180
420
428
282
688
100
104
167
109
312
324
189
699
439
105
442
193
468
720
453
458
501
108
479
110
399
413
113
114
316
117
463
474
182
835
241
115
870
476
116
488
432
339
126
387
495
508
549
502
554
127
895
137
512
168
250
900
125
521
129
526
452
184
121
187
194
146
503
534
195
159
435
134
902
135
535
499
537
303
539
306
541
547
449
142
364
518
196
481
198
543
527
545
553
564
555
556
148
150
154
160
162
205
551
208
166
583
601
559
598
569
592
570
171
422
574
207
609
212
211
576
599
623
585
625
589
210
176
591
594
429
595
213
627
305
177
185
216
197
188
219
908
608
622
975
611
994
436
630
220
403
226
579
640
191
446
649
192
199
200
201
223
454
234
513
224
632
246
1071
650
657
655
275
658
425
247
1097
202
618
660
663
634
451
678
681
204
214
1106
683
215
698
710
217
531
538
218
225
708
571
221
572
1107
228
711
714
230
231
460
724
309
725
727
233
248
236
238
730
746
464
735
239
337
258
240
723
243
1175
736
604
742
252
743
266
1324
249
279
251
288
750
776
256
752
761
254
1333
757
786
837
762
357
768
269
259
770
773
600
656
1443
342
675
775
267
778
1479
791
271
802
295
264
265
754
798
809
813
1498
810
268
765
300
787
273
821
867
685
824
707
832
847
839
874
840
388
389
280
1512
842
487
308
844
848
505
408
692
702
347
1522
703
849
858
713
283
284
289
861
292
739
862
863
877
866
868
872
918
285
374
704
875
927
876
716
879
290
894
901
939
315
1563
815
326
1578
367
907
497
909
327
911
926
940
729
944
370
946
371
950
921
816
885
951
1583
956
957
959
974
1592
961
980
291
293
296
722
328
966
319
1020
334
970
972
1105
323
1127
313
767
500
317
383
318
329
976
330
838
331
915
335
510
982
845
941
984
340
333
338
447
1626
344
345
457
851
346
995
986
348
461
993
483
998
1178
1001
969
997
1002
350
1691
1004
355
1014
1006
1706
1019
1049
1025
351
1068
1011
1036
353
1044
1217
1051
1730
358
1252
1055
1056
1277
1062
1081
1064
354
359
360
1074
1077
361
1090
362
1302
1073
363
366
368
369
372
1093
1094
1785
373
1096
1099
377
379
1321
380
1101
1102
1466
1109
381
382
384
385
1111
1135
1114
869
405
1156
523
1123
1115
386
525
509
1121
1130
1183
1136
1147
573
393
584
1138
390
410
1152
1153
1155
391
392
395
400
628
1160
1227
1167
734
411
402
404
871
1176
759
1173
1179
1352
686
1184
1198
1188
1467
504
1474
1189
1220
1789
406
1199
748
1196
766
1200
1219
1500
1878
1221
1523
407
409
1223
1229
1236
415
1242
511
519
1900
1246
1248
416
1240
1177
1255
1326
421
423
431
1205
1270
426
433
1208
1273
434
437
440
913
1275
1358
1278
602
441
443
444
578
1211
565
1569
445
448
450
586
1283
1410
1285
1291
1235
1305
937
1309
1310
1017
1026
1325
1316
1449
455
1329
763
1342
462
1590
1354
466
459
1063
467
469
471
1472
1355
472
1407
1357
473
475
1382
1370
1510
1385
1079
1428
477
1360
1395
1404
1620
485
588
1419
1413
1434
1652
1435
1518
496
771
1440
1461
1444
779
478
480
482
484
1911
1447
1717
1451
792
1456
1460
490
1463
2060
1468
596
1473
486
489
491
797
1488
1516
1504
492
581
1417
606
1092
507
1506
1122
612
1511
1237
493
1581
1513
1249
1524
494
793
498
1263
823
506
515
536
516
1529
1574
1530
1580
517
1550
1423
1539
1556
1557
2157
520
1593
1784
522
524
1124
1570
1571
528
529
532
2166
1588
1126
1594
1600
1787
530
587
544
1603
1606
635
1611
829
1617
1645
1659
533
1319
1657
1664
1714
2182
540
654
1666
1668
796
1675
1830
1682
1726
856
557
826
1687
1686
1688
1495
580
1689
2216
550
1831
726
1711
548
610
1335
1718
1746
1720
552
558
560
561
562
1721
1344
563
566
567
1497
568
1735
2247
1739
1749
747
1133
865
1754
1347
1755
645
781
1759
1517
575
577
582
1145
1765
788
590
1766
1786
1158
1782
1847
637
1348
1767
1788
1792
593
597
603
605
1803
2249
624
2278
1802
1817
607
613
614
615
616
617
619
883
1393
1825
620
621
1932
633
1548
854
1838
1939
626
790
1807
1818
1828
629
919
639
2335
1836
643
1842
1551
631
646
1233
1840
978
1839
647
1844
636
811
888
1850
898
1854
1866
662
1960
1867
664
1907
2365
665
2107
818
1909
935
1870
1929
1875
659
1453
1254
641
828
1478
1879
947
1896
1922
1908
642
653
666
949
1912
669
667
2143
644
1552
1914
671
1595
1915
2155
651
1926
652
