0
3
4
25
2
6
7
8
9
14
16
34
11
19
24
71
18
20
22
29
45
119
28
37
30
33
36
39
46
243
38
40
41
50
350
44
47
359
48
49
114
53
54
1
55
10
61
58
60
389
59
64
65
5
66
12
13
15
35
68
72
398
74
75
76
27
77
157
80
430
81
83
21
85
31
32
86
88
89
42
431
90
91
92
17
94
23
51
95
56
158
96
98
100
101
104
103
26
57
107
105
67
174
108
118
106
109
122
115
123
131
111
113
491
152
253
117
120
124
128
154
82
99
665
129
130
159
165
133
62
703
138
139
169
73
284
140
43
304
141
143
142
52
146
149
171
150
151
155
453
166
772
160
787
162
164
167
173
506
170
176
184
178
180
110
186
181
182
508
185
78
192
804
187
203
188
191
190
520
189
194
193
102
195
198
209
821
207
210
213
214
215
216
63
220
224
226
232
619
221
223
84
239
229
242
233
112
262
236
116
264
246
93
248
121
250
251
125
276
259
69
126
261
97
263
265
148
266
267
271
628
268
70
269
156
272
132
297
275
278
280
283
287
137
881
288
289
291
302
277
925
295
163
172
296
147
300
79
962
301
306
294
307
127
308
310
313
315
314
316
318
319
321
323
637
324
1041
183
320
322
153
199
327
211
640
325
329
331
330
333
335
234
339
336
235
345
810
348
337
341
342
343
196
197
344
346
212
347
349
228
351
354
355
1059
356
357
87
362
358
360
361
238
134
366
202
818
367
369
368
249
371
372
317
334
1119
373
374
375
377
257
376
379
380
382
206
388
385
386
391
383
406
396
222
397
405
400
401
410
411
412
161
418
413
414
417
225
421
422
822
424
168
200
442
1176
463
425
429
433
434
438
441
445
135
451
279
452
455
328
136
219
1216
454
456
870
457
458
387
460
462
465
467
144
481
423
1395
468
469
437
470
471
439
486
475
237
487
477
488
492
489
494
353
495
497
499
449
504
511
404
514
512
515
516
517
519
204
549
524
416
525
145
526
1427
529
231
530
533
534
240
540
1443
535
241
536
244
562
550
537
554
543
247
545
552
553
565
567
175
436
1450
568
427
569
256
571
177
574
575
579
582
585
450
1502
179
252
1537
588
586
587
910
589
590
595
592
273
596
597
476
598
599
260
1604
602
605
293
615
608
326
621
610
611
614
1651
254
1687
616
201
473
624
447
617
618
490
501
620
629
631
217
642
513
632
255
635
643
638
644
281
646
647
285
650
648
303
651
652
286
658
656
657
290
527
927
663
659
661
676
688
660
399
662
352
690
931
667
407
668
292
1690
669
532
546
693
670
671
672
673
298
674
675
299
677
680
682
685
695
692
305
205
365
208
696
230
697
370
698
699
542
700
701
955
702
705
500
710
544
716
717
1733
547
718
720
227
721
722
724
725
727
728
245
729
732
757
558
563
731
765
733
735
736
378
738
312
770
964
740
741
754
743
756
749
577
1052
782
604
759
761
762
763
395
218
258
681
792
766
767
448
1744
794
606
808
768
769
742
774
777
778
779
402
780
381
783
789
518
784
790
1762
785
340
793
796
408
799
797
803
824
811
805
806
827
807
390
812
814
815
820
823
393
1867
576
836
839
831
830
833
581
834
583
835
838
842
845
846
843
844
847
856
874
898
850
854
829
857
849
862
864
865
868
409
869
872
591
875
384
889
876
877
1925
878
593
882
461
904
2049
883
888
886
890
879
918
887
623
2217
892
426
1281
895
896
923
897
464
2222
899
900
902
363
933
907
270
942
909
911
1518
915
917
622
943
919
479
627
922
364
2371
924
926
566
929
934
440
940
941
1591
944
626
945
392
963
946
947
694
948
443
960
949
707
950
309
951
459
2434
966
954
478
978
956
957
679
2457
958
633
2599
959
965
1609
968
912
969
482
970
649
983
971
972
2659
990
801
274
483
995
981
485
2726
1000
988
1003
997
989
993
1006
998
999
706
1001
1002
714
1010
1005
719
1024
1008
1009
1012
1013
1014
521
1018
689
1021
1022
726
394
1025
1023
523
2758
1026
1027
1029
1030
528
1040
1042
746
1045
1049
282
415
1050
419
1055
1051
311
747
1060
1053
1054
1067
1077
1058
1062
2817
1063
1064
935
548
1065
1066
952
2856
1068
332
1069
1070
967
2888
1073
1075
1079
773
338
1082
578
1088
1083
1084
1085
1087
1015
1090
1091
1017
1092
1093
1094
1096
403
420
1097
1028
2952
1098
1099
1100
1036
1102
1101
737
3033
1103
594
1106
1107
750
1644
1111
1061
1112
601
1113
435
1117
1115
1116
1121
444
1124
1122
466
3038
1118
1123
1126
428
474
1127
1128
541
1135
1131
1132
1138
1136
1140
1141
1143
1144
1146
771
1147
776
813
1148
446
1151
472
1171
1154
1167
1178
1157
509
1170
1159
817
564
1183
1196
1197
432
539
1161
819
1169
1682
3133
1163
1165
1137
1193
1172
636
1199
1173
828
1707
1139
1174
655
1201
1179
1194
1180
1190
1203
1781
1192
603
1195
1200
1202
664
1212
1207
570
1220
1208
1209
1210
609
1230
1213
1215
1218
1219
841
1221
480
1234
1887
613
1239
1940
848
1222
1224
1142
3175
1223
1225
1240
3210
1226
852
1248
1232
551
1233
1235
1241
1047
1251
1236
860
1257
1237
1243
1244
1948
1249
1250
1258
3259
1252
560
1246
1254
1259
1256
625
1269
3300
1261
1263
1264
1271
1265
1268
1273
484
496
1276
505
1277
1278
1282
1284
1285
493
858
1317
1287
1288
859
1290
1321
1291
1266
1293
1295
1296
1299
867
1300
1301
1302
873
3411
1303
880
2052
1311
1304
1308
1334
937
3467
1309
894
1345
1310
1315
3479
1312
1319
1323
522
3540
1327
1330
1333
1337
1340
502
1359
498
531
1344
1356
1347
503
1358
3573
1348
1361
1363
1354
678
1364
1378
1365
556
2150
1379
3703
1368
953
507
510
1373
1374
1376
538
1377
2159
1381
559
1387
1385
1392
1389
1391
1396
1398
1399
580
3724
1400
1401
1409
1404
1405
1125
1408
555
1410
1411
1413
1420
557
1415
1150
1438
1419
901
2190
1421
1422
2193
1423
961
1451
1424
1428
986
1461
1429
906
3747
1431
612
1492
1433
921
1435
1436
930
1437
1441
1493
1442
561
938
985
1004
1494
1444
1011
1445
1016
1056
1499
1447
1019
584
3768
1452
654
1453
1456
1506
1057
1508
1455
1108
572
1457
1245
1458
573
600
1468
3826
1459
1460
1514
1463
1462
1033
1479
1465
630
1466
641
1478
1480
2247
1482
1483
1489
634
2332
1497
712
1498
1501
653
1511
1255
1515
1527
639
1538
1505
1507
1509
739
2353
1510
1516
2388
3938
1517
751
1540
1519
744
1521
1522
1523
666
4045
1524
1039
2427
1043
1526
1532
1362
1533
1535
1536
645
1548
1545
1547
1549
4067
1556
1563
1553
1562
1564
1574
1582
1558
1565
1570
1571
1575
1577
684
4280
1579
1046
4324
1584
1470
1581
1583
2454
1587
2481
1585
1588
1598
1512
1589
1590
1612
1592
1072
1615
1593
683
1618
1594
1048
4326
1595
1597
1599
745
1600
748
1626
1601
1605
1607
755
1649
1610
607
1623
1613
1614
1616
1619
1627
1628
1666
1629
1630
1631
708
1632
764
1634
1636
1637
686
1655
1670
1645
687
1688
1646
691
1664
1647
1650
1110
4334
775
1661
2546
1652
1662
1657
1659
4367
1663
1669
1114
1681
1667
816
1674
1678
1158
1701
2581
781
4429
1679
1680
1608
2583
1684
1693
1694
1695
1350
4451
1709
1698
1700
1702
1705
715
4457
1710
1711
1718
1712
730
1716
704
1719
4531
1721
1722
1725
1503
825
1723
832
1724
1182
4555
1726
1727
734
709
1730
786
1734
1735
1737
711
713
851
4574
1188
1745
2591
1738
1740
1746
1747
1231
1750
1751
1557
1754
1756
855
1757
1758
1352
1764
1759
1769
1775
1761
1763
723
1766
752
1767
753
1772
1787
1776
1773
758
837
1801
1774
1569
1779
1783
1784
1360
863
1806
1789
871
1815
1817
1791
1793
1081
1728
1819
1795
1105
1802
1796
1153
2630
1798
1799
1807
1247
1808
760
1823
1809
891
1812
893
1274
1830
1814
1825
1831
1826
788
1164
1835
1828
1832
1166
4627
1833
1837
1838
1840
1841
1843
1844
1845
1850
1852
1849
1853
1855
1869
1858
1860
4670
1861
903
1864
1866
1868
1872
1874
1322
1875
1871
791
1879
1873
1326
1895
1877
1878
1880
802
1881
1885
1898
1332
1899
1882
1883
1890
795
1901
1892
1893
2687
1896
908
1902
2728
1897
1903
2732
4689
1904
1905
1638
1911
4690
1910
1912
1916
1913
1914
1181
4797
1917
916
1918
920
1921
1919
1920
1336
1927
1928
936
2796
1934
1929
1930
1931
1935
798
1217
4798
1936
4811
1939
800
1941
1942
1253
2872
1944
939
1945
1946
905
1947
1951
4819
1950
809
1953
4927
1954
974
1955
1175
1962
1956
1957
826
1958
973
2904
1959
976
1970
1960
840
1979
1963
853
1965
861
1985
1966
1279
1968
1969
1971
4942
1972
991
1973
977
4953
1975
1980
1375
1983
866
1987
1989
884
1648
1991
885
1995
975
2001
1996
1977
1997
1185
1988
1998
2000
2007
2004
987
4957
1355
2008
2005
1369
2011
2012
2014
994
2035
2015
2017
2018
932
2019
1032
3034
2020
2022
2051
2023
1386
2045
2024
1044
2055
2027
1078
2063
2036
2028
1658
1080
2029
2033
1426
1467
2081
2038
1471
2039
2041
4965
2042
1086
1999
2091
2043
2044
2047
1095
2094
2099
1486
5019
2050
2056
2062
1528
3105
2059
2061
2064
1541
2066
2067
1307
5062
2037
2106
2069
1104
2115
2070
2071
2073
3156
2065
2116
2072
2076
2074
2129
2077
1133
3282
2078
2079
2110
2082
2087
2085
1318
2093
913
2086
1760
2088
2102
2089
1325
2096
2097
2103
3288
2098
1542
2114
2100
2105
2107
984
2117
2118
2122
2126
1822
2127
2130
2135
2131
2133
2134
1328
2139
2143
2146
2165
2144
2149
2151
3308
2152
2155
1554
2153
1149
2167
2160
2163
2164
2166
914
2168
979
2174
2169
2172
2171
1186
2175
1578
5079
2176
2177
2182
2178
2180
1603
2183
2185
1152
2186
2187
1353
2191
2198
2210
2200
928
1440
2204
1189
2205
2206
2207
2209
2211
2212
2215
1020
5145
2224
2216
2218
1469
2162
2219
1504
2221
1191
980
2225
1238
3330
2226
2227
1617
2236
2232
2237
2251
2239
2243
982
992
2255
1635
2241
1145
2242
2244
2250
996
3336
2252
2261
2253
2256
2254
1366
2264
2257
2229
2290
2259
1283
2262
1007
1031
1034
2273
2263
2267
2270
1037
2271
2276
3412
2296
3471
2278
2280
1286
2283
2284
1857
2302
2289
1416
2298
2299
1531
5316
2300
2301
1038
2306
1675
1204
3487
2307
2303
2308
1297
2322
2309
2324
1683
5404
2310
2311
5513
2312
2313
2330
1653
2317
1260
2318
2320
2321
1035
2338
2341
2327
2328
1699
2334
2335
2345
2336
1076
2339
2342
2343
2346
2357
2348
2352
2365
2356
2360
1177
2361
1305
5532
2363
2368
2344
5561
1071
1109
2364
2369
2374
2370
2372
2379
2387
2376
2390
1155
2378
2384
2397
2409
1551
1770
2385
2393
2391
2396
1780
2399
1316
2412
2402
1804
2408
2403
2404
1560
2421
2405
2407
1821
5630
2410
2411
2422
2414
1342
1280
1842
2441
1572
5844
2415
2416
2419
2424
2359
2425
2426
2382
2442
2429
2431
1622
2432
1382
2444
1446
2455
2458
2433
1074
2435
2438
2268
2437
2448
2461
2462
2440
1292
2445
2449
2450
1205
2459
2467
2464
2466
2468
2469
2473
1156
2474
2475
1187
2492
1089
1198
2476
2479
1227
1475
1120
1229
2480
2483
2486
2488
2491
2495
5866
2493
2494
2497
2496
1640
2513
2500
2502
2506
2520
2505
2512
2507
2514
2540
2515
5874
2508
1129
2487
2532
2516
1848
2547
2519
1351
2499
2554
2521
2522
1448
2523
1654
2525
5926
1851
5936
2529
5958
2524
1228
2534
2528
2530
2569
2531
2533
2420
2538
1130
2446
2574
2535
1665
2593
2537
1484
2595
2539
1539
2598
2541
1262
2542
1298
2544
1449
2545
2548
2550
1134
2609
2552
2555
2558
2556
1267
2610
5974
2557
1552
2559
1418
2560
1800
2615
2562
1270
3494
2563
2564
2566
1306
2572
1314
2589
2573
1481
1160
2575
2578
2576
2577
1856
2617
2586
2592
2625
2601
2587
2626
1275
2588
2606
2607
6037
2608
2614
2623
2619
2621
2622
1320
6069
1425
2624
1713
1550
2631
2627
1561
6098
2628
1339
2629
2634
2641
2635
2636
2654
2637
1313
3515
2639
2642
1162
1168
2677
2644
1343
2663
3557
2647
2648
2670
1367
2649
2650
2653
2655
2661
2662
1964
2672
2674
6156
2676
2673
2664
1384
2665
2675
2667
2680
2605
2685
2668
2666
6286
2679
1573
2688
1464
2694
2690
2691
2693
1349
2700
2695
1602
2711
2696
2697
2725
6315
2699
1388
2701
2702
2703
1393
6438
2704
2705
2729
6548
2707
6555
2714
6641
2712
1289
2716
1891
2717
1338
2709
6704
2721
1184
2724
2727
3570
2735
2736
6818
2737
1206
2740
2739
2738
2741
1211
1990
2748
2742
2744
2683
2757
2745
2747
2749
2760
2006
6827
2751
2756
1606
2759
1372
2762
2763
1909
1926
2083
2765
2766
2767
2768
1214
2770
1477
2771
1329
2772
1341
2773
2774
1403
2775
1357
1993
6903
2781
2782
2783
2733
2785
2786
2787
2788
2790
2104
2792
2794
2797
2813
2799
2801
1242
2802
2803
2807
1371
2808
1555
2824
2809
2814
2837
2815
2825
2816
1642
2818
1566
2821
1731
2132
2822
1331
1406
2810
2829
2828
2830
2840
2831
1370
2843
2833
2835
2021
1576
2838
1390
2846
6929
2841
1380
2845
3636
2842
2853
2847
1272
2854
2025
2849
2855
1294
2857
2223
2867
2858
2870
7048
2860
2863
2877
3728
2868
2869
2145
2873
2874
2196
2876
2879
2880
1633
2882
2883
2886
2893
3782
2887
2890
1639
2884
2903
2891
1430
2894
1394
2896
2897
2901
1434
2902
1487
2905
1490
2908
2906
1495
2911
2914
2054
2916
2918
2920
2919
1692
2921
2923
1803
2931
2924
2925
2245
7083
2926
2927
2944
2950
2930
2928
1496
2932
1729
2933
2934
1397
2095
2935
2936
3916
1324
2937
2938
2109
2939
1559
2957
2940
2945
2948
2946
1525
2962
2949
1755
2964
2951
2953
1805
2954
1513
2958
1696
2960
1520
2961
2963
2969
2971
2968
2966
7185
2967
2970
2975
2800
2974
1704
2989
2976
1810
2978
2979
2981
2984
1624
1643
2999
2985
2987
2988
2991
2992
2993
3020
7293
2995
2998
1676
3004
2125
3001
3002
1414
3006
3009
7298
3010
1335
1870
3024
3012
3016
3019
4019
2249
1346
3017
3021
1534
1768
3025
3026
3028
1708
3029
3035
3036
4058
3030
3039
3048
7371
3041
2197
3055
3043
3045
3046
3047
3058
3059
3049
1706
3011
3050
3052
3061
7403
3053
1625
7420
3057
2295
3064
4097
2291
3065
3060
1383
3062
7448
3066
1402
3069
3070
2208
3071
3073
3075
3076
1417
3100
1888
7485
3080
3099
3104
3082
2235
3086
2260
3124
3134
7497
3092
3095
3096
1439
3083
3101
2286
3145
3109
1500
3147
3111
3135
3158
4107
3112
3114
3117
1432
3118
3119
3122
3178
3027
3120
1720
3123
3125
3144
3128
3129
3199
3149
3151
3130
1908
3160
3137
1938
3139
1943
7502
3140
1736
3197
3141
3162
4212
3142
2304
4216
3143
2316
3167
3150
1961
3205
4256
3154
3157
3155
1753
7586
3159
1792
3163
3170
3171
1580
3207
3173
1407
3208
3174
3179
1827
3180
1978
3181
1412
3182
1454
3216
3184
3186
3152
3172
3191
3187
2329
3209
3193
3194
2331
3196
3198
3213
3221
3202
1906
3224
3204
3211
3226
2355
7630
3214
3217
3235
3241
3218
2026
3229
3220
3177
3237
3222
1586
3225
2367
3230
3228
3231
3239
3232
3234
3236
3243
3203
7638
3252
3254
3255
3262
7650
3268
7667
3257
3265
2375
3267
1986
3271
3272
1924
3273
3274
2386
3275
3276
3285
3277
1656
3278
1472
3287
3280
2147
3293
3281
1473
3299
1786
3298
3303
3284
1596
3294
3286
3289
3295
2456
7690
2013
3296
3290
3292
7730
3297
3302
3304
1476
1474
1485
4295
3305
1668
3307
3311
2016
3321
3312
1742
3322
3313
2157
3314
3315
3316
1813
7809
3318
1743
3326
3325
2864
3343
3327
3328
3331
1488
2080
3334
1543
3337
1529
3338
3339
3344
3345
2123
3346
3270
3347
3348
1816
3358
3361
3385
3350
1974
3365
3351
3352
3388
3354
3355
3264
3359
3360
3363
1749
3367
3369
3394
3370
3376
3377
3378
3381
3401
3389
3391
3409
3414
3406
4348
3417
3396
3402
3404
3408
3372
7822
3415
3416
3418
1491
7841
2161
3419
7885
3420
1530
3423
1765
1544
1620
3433
4524
3425
3426
1546
3430
3435
3436
3440
3437
3439
3442
3441
1567
3448
3445
1568
1611
3443
3446
1621
7964
3452
2392
3447
3450
8040
3449
1839
3451
4583
3453
3454
3455
3456
2503
3457
3458
3461
3463
1889
3466
3472
3473
1641
3481
4591
3477
3478
3482
1982
3483
1671
3491
4638
3484
3485
2188
1660
1672
3509
3489
1846
3492
2233
3495
1771
3496
1673
3513
3497
3498
3500
3501
1677
3504
2240
3505
3518
3508
2246
3519
3507
3511
1685
2258
3523
2406
3529
3512
1686
8105
3514
3517
3520
3524
2428
3541
3525
2277
3526
1689
3528
3542
3530
2451
3547
3533
3534
3535
3536
8183
3537
3543
3554
2285
3545
3546
3549
1865
3551
1714
4710
3553
3555
3558
1691
3560
1886
3563
3561
3565
2463
3566
3572
2510
3581
3575
3576
3579
1915
3580
3583
1922
3592
3584
3586
3595
2294
1697
3591
3598
3601
3604
3627
3597
3605
1715
3630
3607
3632
1937
3608
2010
3610
1703
3638
3611
3614
2471
3616
3618
3619
3620
3621
3622
3625
3629
3644
4746
3633
3637
3641
3643
3645
1717
4791
3648
4801
3649
3647
1739
3650
1876
3661
3653
2060
3673
3655
3657
3713
3680
3596
3700
3658
2620
1923
3711
3662
2504
3714
3664
2279
3715
3736
3665
1732
8207
3666
3667
3669
1992
3674
1797
3740
3741
4824
3746
3679
1894
3681
2682
2597
3769
3682
3721
3684
3686
3687
3695
4887
3691
1952
3696
3699
3706
3702
3707
3722
3779
3727
3709
2706
3712
3725
3781
1741
3720
2282
3723
3731
3726
3739
2287
3745
3737
3751
3788
3754
3742
3743
3752
1752
3760
2092
3761
1777
3793
3762
3766
3771
3773
3734
3783
4896
3784
1967
3786
1748
3660
3805
2350
3796
3792
2002
3794
3798
2638
3812
3800
2640
3816
3807
3801
3806
1788
2009
3809
3814
3831
3834
5010
2046
3839
3815
3844
3865
3820
3821
3701
3867
3823
1794
3828
3838
3840
1778
2101
3870
3868
3841
3842
3843
2032
3845
3846
3848
3847
1820
3874
5097
3849
3850
3854
2120
2780
8324
3855
2389
3883
3857
1994
3901
3858
3861
3902
3866
1862
3871
2398
3905
3872
2812
3780
3873
2323
2669
3875
3876
3877
2723
3882
2731
3921
3879
2851
3835
3880
3890
3929
2192
2048
3939
3881
3894
5121
3943
3954
3895
3887
3892
3898
3965
3897
3899
3953
3900
3903
3904
3907
2195
3908
3909
3923
3910
3924
3914
3930
2465
3973
3925
1782
1818
3932
3935
2266
8340
3934
3940
1884
3937
3941
5138
3975
5189
8394
3942
3945
3922
3993
3946
3948
3950
3962
3951
2057
8485
3964
2058
3967
2084
3970
3974
3987
3976
2090
3995
3997
3977
3978
2478
3981
1790
8557
3983
3986
8568
3988
2518
4004
2075
2111
4006
3992
1834
3996
8607
4000
4001
8779
8790
4002
4007
4009
4010
4022
5427
4011
2281
4023
4012
2333
4025
4015
1854
1976
4016
2142
4017
4018
4021
2156
4024
2003
4026
1785
4028
1811
4030
2297
4032
2358
4034
4036
3468
4039
4038
2394
4044
4040
2430
4041
4043
4042
2112
4046
4050
4047
2418
4054
4048
4052
4020
4051
4068
4072
3984
4079
4083
3994
4085
2170
4053
1907
4056
4070
4059
4073
4063
4064
5494
4065
4081
4090
4066
2447
4078
2754
4096
5667
4082
4084
4057
8820
1824
1829
2865
4086
2571
4088
4089
4092
4099
2119
8835
4100
2482
2484
4101
4102
4103
1836
4114
4104
1933
8860
4108
4109
4112
2871
4120
4110
4111
4113
4115
4116
4118
4117
4121
3744
4128
4122
4124
4125
2181
4129
4127
4130
4133
2490
8878
4134
2121
4135
4136
4137
1847
4138
4142
4144
4147
4146
4149
2511
4150
1859
2543
4152
4153
4155
4156
4159
2199
4160
4161
4163
4164
2878
8940
4166
2889
4167
4169
1863
4176
4172
1900
4175
1932
4178
2895
4177
4180
4181
2941
4184
4182
2611
8950
4185
4186
4200
4204
1949
4209
4190
2943
4191
4192
4201
4195
2549
4231
4207
4119
4238
4197
4205
2234
4203
2633
4246
4208
2214
4211
2248
5672
4217
2274
4252
4218
3832
4219
3000
2517
4253
4222
4224
4126
4226
4228
4255
5681
4258
5713
4229
4230
2594
4270
4232
3007
4272
4235
2602
4240
4236
3008
5816
1981
2305
3031
4285
4249
4241
4296
4297
3085
4243
4244
4248
3091
8963
4247
4265
9046
4250
4254
4259
4264
2710
4266
4271
4269
4274
4275
4140
5840
9078
1984
4277
4278
4282
4302
4289
2315
2395
4291
2401
4299
4294
4303
3102
4300
4304
2030
4306
4165
4307
4308
4310
4312
4313
2561
4316
4320
4318
4323
4321
4322
4327
4325
4328
2034
4332
4330
2137
4341
4331
2141
4333
4336
4337
9102
4343
4344
3113
3116
9111
4340
4342
4346
4183
4358
4347
2031
3893
4364
4349
2618
4368
4352
4353
3971
4369
4355
2349
4386
5897
4354
4373
4037
4401
4356
2366
4402
2819
4359
3072
4370
4374
4375
2596
4377
2040
4410
4193
4378
2362
4273
4406
4379
4311
4420
4380
2053
4382
4383
4361
9149
4436
9224
4425
4384
4396
4387
2113
9302
4388
2068
4397
4391
4395
4398
4400
3146
4407
3148
4439
4434
4409
4408
2417
4411
2423
5898
4415
3153
9311
4416
2148
4441
4417
4419
2108
2124
2128
2136
4423
9368
4422
4426
4427
4428
4431
9389
4433
4435
4437
4442
4445
2194
4446
4447
4448
2443
4450
4462
3195
4466
4453
2509
4454
4458
4459
2582
4467
4475
4461
4470
4472
3246
2612
4473
4474
4477
5901
3250
4486
4476
4482
4484
4487
3323
4488
4490
4492
3368
4493
4494
4438
9460
4495
2646
4496
2154
4498
4501
4141
4511
4502
3164
4505
4503
2678
3245
3374
4449
4512
4507
4510
4513
4514
2715
4518
5992
4515
4516
2753
4522
4517
3379
9483
4533
6054
4519
2527
9537
4521
9546
4523
2158
6222
2228
4526
4528
4455
4530
2553
4536
9726
4537
4539
2173
3428
4540
4543
4548
9743
4552
4553
4556
4580
9771
4557
4581
4559
4561
4562
4550
4582
4563
4576
9791
4586
4568
4570
4571
2201
4604
4573
2827
4621
4578
4587
4605
4588
2776
4589
2568
4590
2570
4223
4592
2138
4593
2213
4631
4594
2779
4608
9875
4596
4598
4632
4602
3383
4609
4610
4611
2202
4633
4643
4612
6259
4616
4619
4652
4620
2337
4656
4657
4622
4623
4624
2231
10073
4626
4636
4629
4645
4658
4456
4630
4637
2643
4659
4641
2603
4647
4651
2834
10105
4653
2777
4660
2140
4654
2861
4655
4662
4663
4664
4666
4665
4668
4669
3333
4677
4675
4678
4683
4679
2340
4685
4684
4692
4687
4693
4699
4697
2265
4698
2929
4700
4469
3502
4703
4704
4705
4706
4650
4714
4708
2875
4723
4709
4711
4712
4713
2947
4724
4715
4717
4720
4721
4722
3568
10149
4726
2203
3522
4727
4728
4732
4734
4680
4744
2275
4748
4736
4681
4735
2660
4738
2632
4739
2689
4752
3399
4740
2955
4742
4743
4745
2179
2184
2983
4751
4753
10308
3403
4754
4756
2718
4760
6390
2189
2220
10375
4757
2314
4763
4758
4761
4762
4764
4766
4682
4765
4768
2470
4772
2325
4775
4774
4776
4785
4804
2326
4810
4777
2684
3532
4778
2990
4821
4779
4782
3578
4837
2579
4841
4783
4784
4787
2230
4788
4789
4790
4793
4839
4792
4794
3635
4795
4799
4800
10378
4805
2238
4806
4808
3590
4845
3040
10403
4809
4813
4814
2485
4850
6418
10415
4815
4820
4861
6552
4822
4823
4826
4827
2269
10428
4829
4831
4844
4833
4834
4838
2730
4840
4842
4846
4860
4848
2743
4851
4857
4807
4843
2755
10459
4859
4862
4864
4867
2354
10527
4868
2319
4869
4870
2600
4879
4871
4872
4875
4876
4883
4786
3685
4880
2272
3717
10555
4881
4885
4886
4888
2778
10698
4889
4890
2793
4891
2805
4898
4892
3042
4893
2658
4894
2288
4910
4897
2686
4899
2804
10768
4900
4902
4901
4905
4906
4909
6564
4911
4913
4914
2292
2293
4915
4920
4918
2769
4404
4921
4922
4923
4924
3718
4925
3079
4933
3735
3421
4926
2850
4930
2791
4934
4931
3084
4935
2820
10832
4936
2351
4421
4939
4951
10859
4938
2373
10949
4941
2823
10965
4945
4946
4959
4978
4947
4949
2347
4982
4955
4952
4956
2477
4960
2698
4961
4970
2806
3431
4986
4972
4973
4974
4975
4995
5003
11035
4983
4985
5008
11104
3757
11182
4988
4989
11223
4991
4992
3759
5016
4997
4999
5001
5002
5006
2377
5007
2383
5018
5009
3044
3775
5012
5021
5013
5014
2866
5026
5022
2380
5023
5027
5035
3791
11230
4944
5049
5037
5028
5033
3521
6626
5038
5040
5042
5046
5047
5050
2526
5051
6681
11318
5052
2489
5054
2381
11384
3824
5056
5059
5004
5057
2844
5065
5064
3051
5067
5068
11409
5069
5070
2400
5072
3888
5083
5075
2852
11424
5076
5077
4525
5080
2836
5085
5081
2722
5092
5087
3960
11428
5089
5091
4095
5101
5100
3089
5103
5105
2413
5110
6716
5112
2436
3571
5088
5114
5115
5116
5118
5119
5123
5120
5124
5125
3269
5126
5127
2565
5128
5129
5131
5132
11537
5134
5135
5136
2567
5152
6725
5137
5140
5141
3966
5144
5147
5148
5149
2460
5150
5151
3087
5168
6844
5153
3593
5154
5157
5159
5161
5162
5163
3602
5171
5164
5166
2898
5143
11629
5169
2439
5170
2452
5174
5176
5178
5182
5188
5191
5213
5185
11634
5179
5180
5187
5192
2900
5177
5197
11644
5196
5198
2892
5214
5200
2498
3291
5206
5218
2922
6912
5203
5204
5207
5215
5227
11653
5216
2910
5220
3131
5221
5222
5224
2501
5225
5230
5231
4105
5239
6955
5232
2965
4123
5234
3317
5236
2972
6979
5237
2453
5240
2472
5242
5243
5244
2973
5245
4673
5248
5247
2536
5249
4802
4035
5253
2977
4132
5254
5255
5256
5259
2980
5246
5266
6981
5258
3003
5277
4157
5269
5264
2551
4162
11813
5265
5267
11826
5268
5270
5271
2580
5280
4816
5284
5272
3014
5287
5273
4168
5293
5274
2584
5288
2982
5275
2585
5294
5276
5278
5279
5289
11836
5282
3628
5298
5262
5283
5285
5291
5292
5296
3032
5297
5302
5058
5301
3023
5314
5303
3037
5307
5309
5317
5310
5313
5300
5319
5320
3078
5325
5324
5327
5328
2616
4170
5330
5329
11868
5333
5335
5348
5353
5344
5336
5349
5167
5363
7001
5337
5343
2832
5369
5351
5355
5356
5357
5358
5370
5359
2590
5376
5361
2862
5364
2645
5378
5374
5383
5395
5365
5379
5408
5373
3675
5402
5375
5412
5384
5386
5341
7030
5387
5391
4179
11921
5413
5392
5393
3063
5394
5398
2651
5414
5400
2681
5407
3067
5415
5416
3335
5432
5418
5419
4188
5420
5421
5436
3340
5422
3074
5423
5424
5425
2713
5438
5426
3136
5428
3090
5455
5431
5430
3093
11949
5433
5434
3176
11978
12023
5444
3103
12092
5435
5439
5442
3107
5443
5446
2604
5447
5463
5449
5450
3161
5451
2613
5452
2652
5465
12111
5454
5456
5458
5459
5460
4196
12195
12216
5461
5466
3200
5470
2761
5472
5474
5475
3362
5477
5476
3108
5487
5479
5490
12301
5480
2656
5501
5491
5488
3227
5492
5496
5498
5500
5502
5503
5504
4381
5507
5506
5511
5508
5509
5523
5521
5510
5512
5525
5528
5514
5520
5522
3121
5526
5527
5531
5535
5536
3126
5537
12324
3127
5539
2657
5547
5540
5548
5545
5551
7040
5549
5550
5552
5554
3110
5556
5557
4394
4245
5558
3683
5575
5560
5563
5390
5576
3386
5564
5565
4251
5579
5567
5568
5569
3165
5571
3169
5572
5574
3185
5591
5577
3132
5594
5582
3188
5583
5584
5586
5542
2671
3212
7098
5588
5590
5613
5592
3233
5621
4463
5623
5632
5596
2826
4279
5640
4489
5598
3256
5603
3240
5605
2719
5649
3462
5650
5607
3258
5612
5617
4309
5655
2692
5618
5684
12371
3248
5619
5622
5633
7191
5624
5652
5626
5625
2708
5627
3261
5629
5631
5635
2720
5636
3802
5641
5642
5643
5646
3819
5648
2734
12390
3251
5651
3260
5683
5654
5658
5659
12469
5660
5661
5662
5664
5688
5665
3242
5676
5566
5666
3266
5668
5670
5585
5695
5671
4350
5718
5597
12495
5674
5677
12675
5680
3247
5682
5691
5721
5702
5693
3319
5696
2912
5701
2746
5703
5711
4430
5731
5712
5715
7201
5716
4504
5733
5717
5720
4551
5745
5723
5743
5748
5729
5732
5735
2750
12685
5738
5741
5750
5742
2752
5746
5747
3356
5749
5752
4567
5753
3283
5778
7203
5756
5758
5762
5764
4508
5786
5797
7208
5765
3364
12728
5767
5770
5775
5777
5779
5780
4547
5798
12783
5781
3395
5782
3306
5783
5784
4549
5800
5787
4614
5788
5789
5791
5794
4628
5811
5795
5799
5818
5804
2764
7274
5805
5807
5809
3469
5812
2784
5821
5820
5813
3476
5814
3424
5815
5817
5819
5822
4695
5832
5826
3320
5834
5827
3539
5829
3332
5839
5830
2789
2795
5833
5835
3837
5836
3341
5838
3375
5854
5847
7282
5837
3397
5842
3582
5845
5846
5850
5852
5855
3606
2798
5853
5810
5865
5879
5857
5858
5859
5860
5862
5868
5869
5870
3891
5872
3917
5873
5875
5877
2839
5882
2848
5883
3400
5884
2811
2859
5886
2881
3613
5891
5893
2885
12786
5895
5899
5903
5900
3676
7330
5905
2907
5907
5910
5912
5913
2899
5914
2909
5917
3588
5922
7354
5923
5924
5927
4696
5943
2913
2915
5925
3465
5946
5928
5929
5933
5945
5947
5950
5952
5953
3263
5956
3015
5961
5960
2917
7397
5962
5964
5983
5963
3056
5968
3957
5991
5975
5977
5978
3054
5979
3677
5993
5995
3480
5999
6002
5981
3249
5984
3088
6001
5985
3349
5986
2942
5988
3968
6009
3989
4661
5990
5994
4215
5997
7474
6003
6004
6022
6005
6014
6015
6024
6031
6018
6026
6029
6032
7530
6036
6038
6044
6042
6043
3612
12845
6045
6046
6049
6051
3486
6062
6052
6053
4220
6067
12895
6057
6060
6008
6063
3429
6077
7564
6064
6068
6073
6071
6074
6078
3310
6079
3115
6010
6081
6082
6092
3460
2956
2959
3510
6095
13094
6084
6093
3615
6097
7566
6099
6100
6101
5965
6107
6102
6104
6108
6110
6109
7588
4667
6114
6112
6116
6113
6120
6121
6122
6123
6124
6125
13122
6127
2986
6134
6131
3906
4671
6142
6132
6139
6144
6140
3587
6152
6141
3708
6148
6149
6153
6126
3503
4688
6171
6154
3353
13138
6157
3516
6175
6182
4716
6158
6160
6174
6163
2997
6176
6177
6195
6164
6165
6169
6167
6168
6170
6186
4301
3527
6173
3755
6180
6190
4719
6217
6181
6233
6235
13177
6185
6189
6192
6191
3387
6194
6196
6197
6199
6202
6200
6203
3750
6238
13268
6205
6209
3764
6210
3944
6241
6212
6213
6214
2994
6219
3531
6220
4319
6198
6244
6221
6229
6224
6226
3538
7691
6231
6234
6239
4759
6240
6243
6245
6247
6248
6258
6249
2996
7702
6252
6253
6254
3577
6260
6257
6264
6265
6271
7716
6263
6268
6289
4796
3005
6272
6274
3081
6294
6277
3357
6298
6279
3730
6280
3569
6297
6282
6283
6302
6284
3392
6312
6287
3013
6204
13277
6290
6292
6304
6305
7756
6307
4338
6316
6308
3774
6309
3413
6310
3859
6311
6314
6313
3022
6320
6317
4414
6322
6318
6323
7804
3018
3094
3201
3589
6319
6325
4836
6331
6326
6327
6329
6335
7811
6330
6332
6333
6336
7923
13278
6337
6341
3956
6342
6346
4544
6344
6347
6256
13304
6348
6349
6350
3963
6351
3869
6352
6353
3098
6354
3068
3077
6356
6359
3097
6360
6361
6380
6362
6365
6366
6367
6368
3106
7932
6369
6370
6372
6374
6384
6375
3405
6376
3138
3183
13317
6389
7983
6382
5098
6391
6377
6383
6379
6385
6396
6398
6393
3206
6397
3885
3189
4818
6399
6400
6401
6405
3166
6407
6408
3244
6411
6410
3168
6412
6415
6419
6420
6421
6425
6426
6427
8174
6423
6429
6432
8238
6430
3253
6444
6446
6447
3427
6439
3190
3192
6448
3219
6449
3215
6453
6267
8289
6452
6454
3223
13345
6456
6458
6328
6459
4560
6461
6462
3238
6469
6481
6486
6436
6487
6463
3301
6466
3342
6468
3373
6471
3434
6489
6473
6474
3990
6477
3459
6492
6479
6482
3756
6495
6483
6484
6497
6490
3787
6498
6521
6491
6496
6500
3789
6531
6534
6501
3799
6545
6503
6504
13433
6512
6513
6514
6519
6546
13504
6526
6522
6567
13708
6530
6532
6535
6538
3594
6539
3603
6540
6543
4603
6573
6523
6542
3380
6585
6544
3390
6593
6550
3438
6554
6556
8296
6557
6558
6560
6598
8312
6602
6608
6559
6561
6562
6614
4825
6569
6574
3991
6566
6575
6576
6577
6581
6582
6589
6590
6611
8372
6591
6600
6595
3912
13713
6596
6609
13744
6601
3810
4854
6616
6603
6606
6610
3634
6618
8379
6612
3920
6615
3631
6617
6623
4877
4878
6620
3422
6622
3279
8535
3444
6624
6625
6629
6631
3324
6632
6634
6635
6637
6638
6636
6639
6640
3309
6644
13790
6642
4003
6643
6651
3464
6652
3818
6653
6654
3689
6655
6656
3329
3825
6666
6657
6658
6659
6662
6664
6667
6685
6665
6668
5109
6670
4061
6671
3382
6672
3366
6689
13856
6673
6674
8566
6677
4069
6692
6669
4882
6678
3371
6690
6683
3475
6687
3393
6688
3490
6696
6698
6699
3384
6700
8602
4884
13875
6701
3548
6707
6703
3778
6717
6706
3493
6708
6709
3559
8652
6710
6711
6712
6713
3852
6731
6714
6721
6722
6724
4948
3398
3803
6732
6726
6728
13879
3407
3564
6733
6729
6730
6734
6736
3470
6741
6738
6744
6750
6751
6755
6756
3884
6757
6760
6761
13888
6759
6765
6766
6768
6735
4962
6769
6773
6770
4143
6774
6771
6777
5111
6781
6779
6782
3410
6783
3499
4173
6786
3544
6799
6812
6787
6788
6801
8709
6789
6793
6791
6794
5165
6816
6792
3931
6817
6796
3567
6826
6802
3506
13973
6830
8756
6809
6804
3833
6832
6835
6807
6808
6813
6810
6815
6821
3670
3600
6823
4174
6824
6825
3623
6834
3432
6837
6842
6843
3488
6852
13983
6853
4198
6845
3772
6869
8797
6847
6848
6850
6851
6854
6855
6870
14057
6856
4954
6857
6860
3599
6873
8866
5031
6880
6883
6861
6866
3474
3550
6867
6872
6874
3626
6875
6876
6891
6877
6878
6896
4976
6879
3552
6948
6881
6882
6886
8946
6884
6887
4260
6888
3639
6889
6890
6892
3556
6904
8957
6894
6897
6907
6959
6909
5066
6933
6899
6922
6901
3562
6898
3862
6906
6913
9008
6915
6916
6917
6918
6919
6920
6921
6931
14114
6926
6930
4071
6971
6973
6932
6934
6937
6938
3574
6975
6939
6927
9027
6943
6949
6982
6944
6957
6947
6954
6942
6960
4206
6962
4317
6964
3640
6992
5209
6966
6967
9069
6968
9161
6969
6974
5102
6976
3886
3585
6977
6978
4405
6980
3889
7007
9194
6983
6984
14143
6988
3609
9300
6989
6993
6985
7019
6995
3652
6997
6999
7004
6990
7022
7000
7002
7008
3829
7009
7010
5108
7011
7012
5113
7025
7013
7014
7015
7016
7017
7018
3860
7021
3617
7028
7024
7023
7026
3624
3642
4452
7043
3646
3668
14145
7033
7035
7037
7039
7044
7041
7045
7052
7046
3915
7047
7050
7067
7053
7054
5228
7055
3927
7056
3704
7069
7057
3949
7079
7060
7061
3732
7080
7036
7101
7049
9357
7086
7062
3651
3654
3749
7063
7085
7064
7075
7066
7068
7100
7071
7077
7107
7088
5172
7089
7091
7092
3863
14187
7093
7095
4479
7115
3656
7096
7097
7102
3811
7104
7105
7106
7121
3659
7125
7128
3663
3733
7132
7109
3671
3672
7116
3896
7065
7099
7141
7120
3911
9379
7122
7123
3958
14198
7126
7129
7145
7140
14296
7136
14361
7133
4062
7134
3678
7138
3748
7139
3918
7164
7143
7144
7119
3979
7146
3980
7148
7150
3928
14392
7182
7162
14428
7151
7153
7155
14619
7159
7161
7166
14710
7165
3688
7167
7168
3692
7171
7169
4480
3955
5034
9385
7170
7173
7176
7177
3690
7181
7178
7183
7180
3693
3694
7190
7193
3697
7195
7199
7200
9422
7202
7205
7209
7211
5181
5250
7214
7215
7217
7218
14799
7220
7221
7224
7226
7222
7235
14835
7229
7230
7240
7236
7238
7242
7251
7239
3698
7243
7206
7228
7245
7246
4468
7252
7256
3982
7257
7258
3985
9497
4558
7264
7259
5093
7268
7260
7266
4607
7267
7269
4087
14847
7270
3998
7275
14855
7277
7278
7279
7280
7292
7283
7286
7297
3705
7299
5260
7300
7302
5321
7303
7305
7309
14931
7306
4649
7310
3716
7312
7313
5155
3710
3999
7314
7315
7317
7318
4261
7326
7322
7321
7323
4005
7329
14934
7325
5193
7328
7331
7336
4725
3719
7332
7351
7335
7337
7361
7339
3961
7341
7250
7357
7340
7342
7344
4008
7358
7345
4014
4830
7347
4049
9527
7281
7360
7349
5478
7350
7356
7353
3729
9548
7359
4074
14941
7362
7289
14969
7363
9550
7364
4075
9619
7373
9674
7365
7370
7372
9785
7374
7375
4106
5194
7379
7378
4145
7380
4849
7383
3738
3753
7384
4080
7272
7391
7386
4856
7407
7387
7390
7408
7396
4268
7412
7398
7401
5217
7294
7417
7399
5235
5318
7369
7409
7404
7405
7410
3767
7425
4863
7414
4903
7428
7415
7416
7419
15094
7418
7424
7421
4276
7453
9934
7431
7433
7439
9955
7481
7377
7434
4131
7435
7436
4287
7437
7442
7445
7444
7447
5489
7478
7449
3758
7460
7451
4158
7457
7462
4199
7463
7464
7470
7476
7483
7477
7479
7295
7498
7516
5211
7521
7482
4305
7490
4365
7491
3763
7493
7494
7500
7495
3972
7523
7496
7394
7501
7503
15154
7504
7506
7507
15155
7508
7509
10025
7528
7512
4029
7524
3765
7517
7551
7520
4171
7567
15185
7584
10040
7522
7527
5405
7529
7533
7597
7534
7592
7535
7536
4202
7537
7538
4357
7540
4932
5497
7438
15273
7541
7542
5601
7546
7548
5257
7605
7549
7554
7550
4210
7607
7553
7598
4360
7616
7559
7560
7562
3776
4221
7563
4465
7608
7568
7570
7621
7571
7572
7573
7574
7640
7577
3790
7641
7580
4234
7649
7587
7594
7406
7651
7591
7600
7595
3795
7602
4483
7653
7603
5286
7613
3813
7617
3770
7452
7623
7619
4566
5609
15338
7622
7624
7626
7628
7654
7631
7635
7637
7645
7642
4239
7660
5614
4267
7661
7646
7648
7662
5645
7652
4076
7675
7657
7666
4520
7677
7659
5647
15547
7552
7679
7680
7665
7668
4242
7673
7674
5340
7681
10053
7676
7678
7682
5440
7684
7685
7687
3797
7692
7695
7693
3777
7694
4286
7697
7699
7700
4214
7701
3785
7703
7704
7706
3804
7707
3808
7713
7710
7715
10158
7711
4917
7718
7720
7722
5656
7723
3864
7744
7724
7732
7727
7731
4262
7755
7733
7736
7737
7738
7764
5471
5657
7775
7782
7739
4967
7745
7746
7748
3827
7749
4298
3817
3836
7783
10187
7750
3822
7752
7770
10201
7753
7762
7754
7766
10330
7767
7786
7454
15558
7772
4329
7773
4283
7791
7776
4315
15675
7777
7779
4964
7794
7781
7785
5587
7787
4595
7803
7788
4335
7792
7796
4966
7813
4979
7797
4339
7808
7826
15717
7798
7800
7801
7802
7805
7806
7829
15775
7807
7818
7817
4390
15777
7823
5669
7824
7825
7760
7830
7827
7832
7518
7836
10350
7833
4648
7856
5675
7834
7835
7837
3830
4376
4412
7861
7838
7839
7845
4392
7847
7848
7851
7852
4413
7868
7857
5694
15793
3919
7860
4432
7865
7862
7866
4444
15804
7867
7869
7878
7761
7870
4464
7872
7886
7871
4478
10360
7873
7879
7880
7891
10367
7780
7881
4443
7896
7882
7884
4998
7895
7898
10687
7888
7889
15814
7893
7894
7899
7795
15882
7901
7902
3933
7913
7904
7907
7547
7909
7910
7911
4577
7914
3853
15908
5697
15926
7915
7916
4281
7917
7918
7919
4471
15931
7920
5610
7921
7922
7926
7928
4491
7929
5705
7943
10831
7930
7931
4615
7945
7935
7947
7948
7950
7949
7952
4500
15961
7953
7956
7958
3851
5024
7968
7959
7596
7965
4730
7966
7969
7970
5000
7972
7973
7974
4534
16048
7975
3952
16167
7978
7980
4741
7987
10877
7996
7963
7988
5030
7999
7989
5186
5710
7992
3969
7993
7995
8003
10957
7994
5210
8005
8006
7997
8000
8002
8007
10974
8004
3856
8011
11084
8008
4767
8016
8017
8022
4599
3878
3913
8047
8024
8021
8032
5719
7961
8048
11109
8026
3926
7611
8057
8031
8035
5739
8036
8037
8044
16220
8038
8075
16223
8056
8041
8042
8072
8046
4529
8049
4600
8078
7656
8050
8051
5802
8059
3936
8025
8079
8082
8060
5305
8093
8061
8063
8064
8066
3947
8068
5311
8069
8071
8106
8070
8119
8112
8073
8077
8120
8086
8080
4769
8083
8085
8088
8094
5704
8096
8100
8126
8113
8122
8102
4873
8132
5015
8097
8134
8117
8124
8108
5078
8103
8121
5190
8136
8123
4541
8139
11140
8127
8129
8043
8140
8155
8149
8159
8130
3959
8138
8142
8169
11192
8143
4532
8171
8144
8156
16243
8148
8162
8150
5323
8153
8164
8166
8167
8172
8173
4618
8175
4013
8115
16350
8178
8179
8182
8185
8186
8188
8189
5714
8193
8194
4895
8190
5205
4755
8197
8211
8196
4545
8209
8198
8200
5315
8216
8203
8219
8220
8206
4613
8217
8222
8224
4033
8239
4027
4642
8225
4771
8241
8226
8250
8254
8228
4707
8255
8233
8234
8256
16393
8237
8235
8240
8244
8251
8270
8246
8299
8253
7743
8277
16425
8257
4904
8258
8263
11237
8303
8279
8265
4554
8320
4031
8266
8267
4832
8176
4908
5726
8321
8268
8269
8271
8273
5727
8333
8275
8282
8284
8288
8293
8292
4094
8295
8297
8298
8301
8302
8306
4055
8307
5896
8337
8308
8309
8314
8318
8343
8322
8325
8323
8354
16542
8326
4912
8327
8331
8332
4639
5766
8374
11248
8334
8336
8339
8342
8344
8347
4971
8348
8350
5737
8380
5339
8386
8358
8356
8361
16625
8357
8359
8364
8368
16637
8369
5354
8366
8370
4828
8371
5041
8375
4284
8391
8376
8377
4060
8397
5916
8384
8389
8395
4351
8398
8401
5090
8402
8403
8404
5796
8406
8408
8414
8415
8413
16641
8416
4077
4091
8417
4093
5937
16665
8418
4098
7850
8420
8421
8422
8423
8426
8424
8427
4731
8428
4139
4866
8431
8434
8435
8437
4148
4151
8438
8439
16698
8441
8444
11253
8445
4154
4187
8449
5959
16731
8448
8451
8459
8454
8455
8462
5972
8456
8458
8460
8461
8463
8467
8465
8470
8472
4189
8473
8474
8479
8482
4194
8015
4213
4747
5755
16760
8487
4225
8488
11264
8489
8490
11291
8494
8491
8492
4237
8497
4984
5371
8499
8493
8495
8496
4257
8498
8500
4928
8502
8505
8522
8501
5005
8524
8510
5060
16800
8513
8514
8515
8526
11305
8534
11373
4227
8516
8519
16808
5976
8517
4233
8518
5095
8520
8521
8537
8525
8527
8543
4263
4288
4929
8551
16905
8531
8532
4290
8533
8541
8536
5202
8553
8542
8545
4977
8556
8547
5238
8549
5342
8552
8558
4292
4293
8560
4314
8562
4362
8563
8564
4389
11397
8565
8569
8576
8571
8572
8575
8580
16934
8573
8578
5982
17192
8581
8584
4345
8585
4980
8598
5385
8605
8619
17208
8586
4366
8621
4363
8587
8588
8589
4371
8623
8591
8592
8632
8600
8593
5388
8637
11399
8595
8601
8603
8608
8609
4372
8610
5769
8639
8611
8614
11420
8616
8612
8617
8618
8590
8620
8613
5331
8641
11427
8622
8642
8625
5389
8624
4385
5801
8634
4393
4399
8039
8654
8628
4987
8631
17294
8643
8644
8195
8655
8635
6017
8668
11491
8645
8648
8649
8650
8509
8651
8657
5803
8658
8660
8664
8665
8666
4403
17297
8669
5017
8674
8670
5261
8677
8679
4418
8680
8682
8684
8690
8686
8689
5892
8691
8696
8692
8698
17378
8694
5998
8700
5396
8699
8703
8705
8721
8706
4424
5399
8707
4499
6021
17381
8708
4538
17382
8710
8711
8723
8713
8715
5973
8701
5290
8736
8716
8717
8718
8554
8719
8720
5411
8744
6072
8746
11673
8724
8726
8739
8751
17528
8730
8731
8750
8732
4981
8758
8733
6080
8761
8734
5350
8735
5025
8764
8737
8752
8740
8743
8742
4440
8745
4460
8749
8757
8759
5304
8766
11707
8767
8769
8771
5032
8773
8778
8353
8774
5345
6075
8782
8784
6091
8775
8776
11807
8786
5036
8787
6035
6090
8793
11876
8791
8796
6119
8795
8798
5473
8804
8807
8800
8802
8808
8810
5381
8837
8814
8815
8816
8823
8818
5360
8843
8821
4485
11967
8822
8824
17531
8826
8829
6162
8854
8873
8834
8830
8832
4481
6137
8833
4572
8858
8839
8840
4750
8842
8845
11981
8846
8848
8851
4497
8841
8849
8850
8861
8875
8852
4575
8855
5045
17539
8857
8862
5437
8863
8864
4509
6188
8874
8865
5468
8877
8867
8879
8870
5401
8886
8871
8872
8888
8876
8881
8884
6218
6130
8885
5053
8894
4506
8887
8891
8893
4527
8898
8895
8902
8903
8913
8917
8904
8907
8905
5061
8908
5094
8910
5518
8919
8912
8914
4535
8918
5071
8920
8921
8922
8901
17611
8923
8925
8928
8938
6230
8927
5099
8966
8930
6270
8967
8931
8933
8935
8939
8942
4564
8971
8943
5122
8948
8952
5382
17772
8953
6250
6269
8956
5082
8972
8960
8964
8974
8975
5133
17881
8976
8977
4569
8978
8979
8982
8983
8984
8985
8987
8990
8986
8992
8994
8995
8996
5457
8997
8998
4584
9000
9001
9002
9003
5139
9004
9012
9009
9010
12024
9011
9022
6296
9013
6288
9024
9015
6345
5183
9025
9028
5546
9030
9033
4542
17921
9035
9036
9037
9047
9061
17949
6295
17979
6300
9066
9031
9041
4847
9077
9042
5160
9043
9044
12060
9080
9064
9048
4546
9049
9082
9083
9088
9086
4565
4579
9050
5184
9094
9053
9054
5201
17984
9055
9070
6357
9096
9057
9085
9060
9062
9073
9098
9074
9084
12101
9090
4585
9091
9092
5482
9099
5219
12107
9106
12175
9101
5580
9105
9104
4597
9095
9103
9107
5226
9115
9109
9110
6381
9114
9116
9118
4617
5595
6378
9119
4601
9120
9121
5233
9130
12234
9123
9126
9127
9108
9132
9137
9128
9131
9136
9139
5229
6387
9142
4635
4606
4907
9144
5524
18024
9157
12255
5530
9159
9147
4625
9172
5252
6388
9150
9152
5543
9173
12274
4634
9154
9164
9155
9165
9169
9175
9176
9178
5628
9179
9177
9181
9180
6395
9184
9185
12281
9186
9189
9193
9182
9190
9192
9195
9198
5295
6404
5673
9202
9199
5573
9210
9204
9205
9207
9209
9213
4640
9215
9216
4644
9220
9243
18112
6431
12325
9217
9221
5600
9256
9222
4646
9187
9244
9227
9228
9229
12339
9231
5312
9233
4676
18259
9239
9241
6433
9262
9245
9191
12387
9264
9246
5663
9270
12403
18277
9247
9248
9251
5679
18300
9249
9252
9283
6440
9280
9253
9263
9196
9284
9255
9257
5299
9293
9260
5372
9266
4729
9305
9310
9329
9268
9269
4672
9276
5410
9277
5406
9340
9279
9281
12408
9282
9285
6464
9343
18398
9351
6476
9358
9287
4737
9292
5326
9297
9298
5709
9388
9299
6518
9303
9307
5724
9390
9314
5347
18481
9225
9417
9315
9316
9317
12437
9319
9321
9322
4674
9449
9325
9327
9328
5445
9330
9331
12442
9308
9450
9333
6529
9335
9341
18520
9337
5736
9347
9339
6536
12485
9344
6549
9346
9348
9350
9254
6551
9352
9360
9461
9455
9471
9474
9362
5441
9489
9363
9364
9365
9373
9501
9380
9374
5367
9378
5448
9382
9383
9386
9484
9387
9391
9395
12572
9396
9397
9398
9399
4686
9401
9402
9406
9503
9313
9409
12595
9505
9403
5728
9508
9407
6553
12606
9408
9411
9413
6572
18601
5754
9414
9415
9518
9418
9419
9534
9420
5599
9423
9426
9513
9427
4691
9429
9430
9275
9434
6579
12626
9521
9435
9436
9437
9438
6627
9440
9441
5484
9442
9443
9444
4773
9561
9445
9457
9318
18623
9448
9462
9452
4694
9446
5771
18680
9562
12693
18682
18691
9456
5761
9564
9458
9529
9454
9547
9466
9467
6633
9580
9468
9488
9470
9473
9493
9490
4733
18766
9491
9498
5469
9496
5485
9589
4701
4702
9500
5685
9592
9506
5544
9594
9509
9510
6680
9606
6702
9613
12910
5516
9511
9512
9514
4749
9616
9515
5792
9519
4780
18852
6720
9520
9522
9524
9530
9533
5538
18864
9535
4812
9536
9464
9538
12976
9541
9542
5559
9620
9545
5570
9622
9549
5589
9554
9551
9552
9567
9553
9556
9641
9320
9558
5604
9559
9563
6746
9566
4817
18927
9568
9571
9581
9574
4943
9590
18934
9585
5608
18937
9642
9586
9587
9588
4781
9359
9644
9595
5823
9596
4718
5611
9658
13002
9597
9598
9599
9608
9600
9602
9680
9604
4770
13057
9607
9609
5638
13079
9610
9611
6753
18964
9661
9615
9617
9623
9625
9476
9662
9626
9638
9628
4855
19037
9686
9618
9630
9635
9634
9639
9636
5824
9697
13198
9637
9645
9646
9649
9650
9480
9702
9651
9653
6764
9652
9654
9655
9656
9707
9657
9660
6803
9665
9666
5831
9669
9671
9675
5825
9676
5529
9677
9678
5644
9709
9685
4990
19054
9687
9688
5867
9713
19073
9689
9690
9704
9691
9694
9705
9714
9706
9711
9481
9507
9717
9772
4803
4852
13236
9720
9723
6780
9775
9725
9728
5698
9783
13247
9730
9731
9732
4835
5653
9797
9734
5861
19145
9735
9737
9806
9738
9739
9809
9741
4858
9816
9745
5687
9819
9640
9746
4865
13427
9832
9749
5730
9843
4853
5689
9750
9751
9754
9752
5553
9852
9753
6838
9858
9757
9760
4874
9762
9764
5760
9766
9767
9769
9773
5887
9818
9774
9778
6819
9860
9784
9786
9787
5707
13432
9789
9792
9824
9679
9798
5888
9800
9803
9805
5690
9807
5692
9808
5768
9871
13438
9874
13447
9810
9813
9815
4916
19227
9817
9822
5043
9876
9823
9825
5020
9826
5776
5806
9892
13461
5808
19254
9827
5044
9828
9830
9848
9833
9840
13466
9835
9845
13494
9839
9854
9896
9844
5890
9851
9855
9856
9859
9862
9722
9863
4919
4937
9865
9885
9866
9868
9872
9873
9877
9878
9883
9879
9882
5195
9886
6836
9887
9890
9881
9897
5828
9899
9898
9901
9903
9905
9904
9909
9907
9911
5848
9908
9912
9913
5841
9918
9820
6841
9917
9920
9921
9922
9923
9925
6925
9926
5362
9927
9930
5881
9931
9933
9935
6940
9944
9941
9946
19299
9942
9943
6863
9957
9945
9947
5904
9949
9951
9952
4940
6953
9953
9954
5849
9959
4950
9960
9961
9948
9962
4993
9964
9967
5856
9971
5909
9972
6895
19379
9969
19434
9973
9975
5908
9977
5029
9978
9980
5920
5878
9984
5918
9985
9986
4958
19436
9987
6956
9988
6972
13706
9989
9993
4963
6996
19487
9990
9999
9994
9998
10006
19489
10001
5915
19596
10002
10003
10004
4968
10007
4969
10009
10011
7005
13734
10010
5055
10033
10035
10013
4994
10017
10021
10044
10023
10022
5921
10048
10015
10059
13756
10026
10027
10028
10029
10034
10030
10036
4996
13808
10041
5063
10042
10045
10046
10051
10054
10055
5011
10057
5039
10061
10062
5117
10063
10066
5048
10081
10064
10065
10075
10049
10093
10069
7006
10102
10084
10071
5930
10085
10094
10077
10078
10082
10050
19641
10079
5894
10108
10083
10089
10080
10095
10100
10112
10127
10103
10104
5938
10109
6013
7042
10110
10111
19642
10114
10115
10119
10116
5074
10136
19648
10118
10130
10131
13815
10137
10098
10133
10135
10138
10139
5146
10145
10140
5241
10150
10143
5931
14009
5942
10144
14040
7051
10151
7059
19693
10141
10146
10147
10152
10155
10157
5562
10181
10159
10123
19724
10160
5086
5980
10162
5902
10164
10167
10168
10173
7070
10188
10174
10180
10176
10177
10178
10182
10184
10193
10199
10189
10194
5578
10195
10198
10197
7082
6030
10203
10202
10204
10208
5939
10215
10209
5481
10210
10211
7112
10212
10213
14125
7130
19773
10214
10216
10217
14147
10218
5073
10219
5106
14156
10227
6117
10230
10220
6012
10169
10221
5084
